framework,category,backend,curve,circuit,input,operation,nbConstraints,nbSecret,nbPublic,ram,time,proofSize,count,ramReal
gnark,circuit,groth16,bn254,exponentiate,input/circuit/exponentiate_2/input_10.json,compile,1025,1,2,17560840,1048,0,1,
gnark,circuit,groth16,bn254,exponentiate,input/circuit/exponentiate_2/input_10.json,compile,1025,1,2,17560840,1048,0,1,
gnark,circuit,groth16,bn254,exponentiate,input/circuit/exponentiate_2/input_10.json,compile,1025,1,2,17560840,1048,0,1,
gnark,circuit,groth16,bn254,exponentiate,input/circuit/exponentiate_2/input_10.json,compile,1025,1,2,17822984,1048,0,1,
gnark,circuit,groth16,bn254,exponentiate,input/circuit/exponentiate_2/input_10.json,compile,1025,1,2,17560840,1048,0,1,
gnark,circuit,groth16,bn254,exponentiate,input/circuit/exponentiate_2/input_10.json,compile,1025,1,2,17560840,1048,0,1,
gnark,circuit,groth16,bn254,exponentiate,input/circuit/exponentiate_2/input_10.json,compile,1025,1,2,17822984,1048,0,1,
gnark,circuit,groth16,bn254,exponentiate,input/circuit/exponentiate_2/input_10.json,compile,1025,1,2,17822984,1048,0,1,
gnark,circuit,groth16,bn254,exponentiate,input/circuit/exponentiate_2/input_10.json,compile,1025,1,2,17822984,1048,0,1,
gnark,circuit,groth16,bn254,exponentiate,input/circuit/exponentiate_2/input_10.json,compile,1025,1,2,17560840,1048,0,1,
gnark,circuit,groth16,bn254,exponentiate,input/circuit/exponentiate_2/input_10.json,setup,1025,1,2,47838472,34665,0,1,
gnark,circuit,groth16,bn254,exponentiate,input/circuit/exponentiate_2/input_10.json,setup,1025,1,2,47052040,34157,0,1,
gnark,circuit,groth16,bn254,exponentiate,input/circuit/exponentiate_2/input_10.json,setup,1025,1,2,46789896,34609,0,1,
gnark,circuit,groth16,bn254,exponentiate,input/circuit/exponentiate_2/input_10.json,setup,1025,1,2,47838472,34438,0,1,
gnark,circuit,groth16,bn254,exponentiate,input/circuit/exponentiate_2/input_10.json,setup,1025,1,2,47314184,34665,0,1,
gnark,circuit,groth16,bn254,exponentiate,input/circuit/exponentiate_2/input_10.json,setup,1025,1,2,46789896,34422,0,1,
gnark,circuit,groth16,bn254,exponentiate,input/circuit/exponentiate_2/input_10.json,setup,1025,1,2,47314184,34393,0,1,
gnark,circuit,groth16,bn254,exponentiate,input/circuit/exponentiate_2/input_10.json,setup,1025,1,2,47314184,34648,0,1,
gnark,circuit,groth16,bn254,exponentiate,input/circuit/exponentiate_2/input_10.json,setup,1025,1,2,46789896,34455,0,1,
gnark,circuit,groth16,bn254,exponentiate,input/circuit/exponentiate_2/input_10.json,setup,1025,1,2,47052040,34387,0,1,
gnark,circuit,groth16,bn254,exponentiate,input/circuit/exponentiate_2/input_10.json,witness,1025,1,2,17822984,1048,0,1,
gnark,circuit,groth16,bn254,exponentiate,input/circuit/exponentiate_2/input_10.json,witness,1025,1,2,17822984,1048,0,1,
gnark,circuit,groth16,bn254,exponentiate,input/circuit/exponentiate_2/input_10.json,witness,1025,1,2,17560840,1048,0,1,
gnark,circuit,groth16,bn254,exponentiate,input/circuit/exponentiate_2/input_10.json,witness,1025,1,2,17822984,1048,0,1,
gnark,circuit,groth16,bn254,exponentiate,input/circuit/exponentiate_2/input_10.json,witness,1025,1,2,17560840,1048,0,1,
gnark,circuit,groth16,bn254,exponentiate,input/circuit/exponentiate_2/input_10.json,witness,1025,1,2,17822984,1048,0,1,
gnark,circuit,groth16,bn254,exponentiate,input/circuit/exponentiate_2/input_10.json,witness,1025,1,2,17822984,1048,0,1,
gnark,circuit,groth16,bn254,exponentiate,input/circuit/exponentiate_2/input_10.json,witness,1025,1,2,17822984,1048,0,1,
gnark,circuit,groth16,bn254,exponentiate,input/circuit/exponentiate_2/input_10.json,witness,1025,1,2,17560840,1048,0,1,
gnark,circuit,groth16,bn254,exponentiate,input/circuit/exponentiate_2/input_10.json,witness,1025,1,2,17822984,1048,0,1,
gnark,circuit,groth16,bn254,exponentiate,input/circuit/exponentiate_2/input_10.json,prove,1025,1,2,48100616,3603,384,1,
gnark,circuit,groth16,bn254,exponentiate,input/circuit/exponentiate_2/input_10.json,prove,1025,1,2,47576328,3399,384,1,
gnark,circuit,groth16,bn254,exponentiate,input/circuit/exponentiate_2/input_10.json,prove,1025,1,2,47576328,3604,384,1,
gnark,circuit,groth16,bn254,exponentiate,input/circuit/exponentiate_2/input_10.json,prove,1025,1,2,47838472,3556,384,1,
gnark,circuit,groth16,bn254,exponentiate,input/circuit/exponentiate_2/input_10.json,prove,1025,1,2,47314184,3746,384,1,
gnark,circuit,groth16,bn254,exponentiate,input/circuit/exponentiate_2/input_10.json,prove,1025,1,2,47052040,3613,384,1,
gnark,circuit,groth16,bn254,exponentiate,input/circuit/exponentiate_2/input_10.json,prove,1025,1,2,47838472,3597,384,1,
gnark,circuit,groth16,bn254,exponentiate,input/circuit/exponentiate_2/input_10.json,prove,1025,1,2,47838472,3502,384,1,
gnark,circuit,groth16,bn254,exponentiate,input/circuit/exponentiate_2/input_10.json,prove,1025,1,2,47838472,3610,384,1,
gnark,circuit,groth16,bn254,exponentiate,input/circuit/exponentiate_2/input_10.json,prove,1025,1,2,47314184,3562,384,1,
gnark,circuit,groth16,bn254,exponentiate,input/circuit/exponentiate_2/input_10.json,verify,1025,1,2,47314184,979,0,1,
gnark,circuit,groth16,bn254,exponentiate,input/circuit/exponentiate_2/input_10.json,verify,1025,1,2,47576328,874,0,1,
gnark,circuit,groth16,bn254,exponentiate,input/circuit/exponentiate_2/input_10.json,verify,1025,1,2,47576328,1028,0,1,
gnark,circuit,groth16,bn254,exponentiate,input/circuit/exponentiate_2/input_10.json,verify,1025,1,2,47838472,979,0,1,
gnark,circuit,groth16,bn254,exponentiate,input/circuit/exponentiate_2/input_10.json,verify,1025,1,2,47052040,946,0,1,
gnark,circuit,groth16,bn254,exponentiate,input/circuit/exponentiate_2/input_10.json,verify,1025,1,2,47838472,989,0,1,
gnark,circuit,groth16,bn254,exponentiate,input/circuit/exponentiate_2/input_10.json,verify,1025,1,2,47314184,1283,0,1,
gnark,circuit,groth16,bn254,exponentiate,input/circuit/exponentiate_2/input_10.json,verify,1025,1,2,47052040,1276,0,1,
gnark,circuit,groth16,bn254,exponentiate,input/circuit/exponentiate_2/input_10.json,verify,1025,1,2,47838472,1295,0,1,
gnark,circuit,groth16,bn254,exponentiate,input/circuit/exponentiate_2/input_10.json,verify,1025,1,2,47314184,1029,0,1,
gnark,circuit,groth16,bn254,exponentiate,input/circuit/exponentiate_2/input_11.json,compile,2049,1,2,18674952,3258,0,1,
gnark,circuit,groth16,bn254,exponentiate,input/circuit/exponentiate_2/input_11.json,compile,2049,1,2,18674952,2992,0,1,
gnark,circuit,groth16,bn254,exponentiate,input/circuit/exponentiate_2/input_11.json,compile,2049,1,2,18674952,3016,0,1,
gnark,circuit,groth16,bn254,exponentiate,input/circuit/exponentiate_2/input_11.json,compile,2049,1,2,18937096,2985,0,1,
gnark,circuit,groth16,bn254,exponentiate,input/circuit/exponentiate_2/input_11.json,compile,2049,1,2,18674952,3133,0,1,
gnark,circuit,groth16,bn254,exponentiate,input/circuit/exponentiate_2/input_11.json,compile,2049,1,2,18412808,3093,0,1,
gnark,circuit,groth16,bn254,exponentiate,input/circuit/exponentiate_2/input_11.json,compile,2049,1,2,18674952,3013,0,1,
gnark,circuit,groth16,bn254,exponentiate,input/circuit/exponentiate_2/input_11.json,compile,2049,1,2,18674952,2980,0,1,
gnark,circuit,groth16,bn254,exponentiate,input/circuit/exponentiate_2/input_11.json,compile,2049,1,2,18412808,2950,0,1,
gnark,circuit,groth16,bn254,exponentiate,input/circuit/exponentiate_2/input_11.json,compile,2049,1,2,18412808,3048,0,1,
gnark,circuit,groth16,bn254,exponentiate,input/circuit/exponentiate_2/input_11.json,setup,2049,1,2,51770632,57853,0,1,
gnark,circuit,groth16,bn254,exponentiate,input/circuit/exponentiate_2/input_11.json,setup,2049,1,2,51508488,58204,0,1,
gnark,circuit,groth16,bn254,exponentiate,input/circuit/exponentiate_2/input_11.json,setup,2049,1,2,51508488,57662,0,1,
gnark,circuit,groth16,bn254,exponentiate,input/circuit/exponentiate_2/input_11.json,setup,2049,1,2,47052040,58078,0,1,
gnark,circuit,groth16,bn254,exponentiate,input/circuit/exponentiate_2/input_11.json,setup,2049,1,2,51770632,57447,0,1,
gnark,circuit,groth16,bn254,exponentiate,input/circuit/exponentiate_2/input_11.json,setup,2049,1,2,51508488,57995,0,1,
gnark,circuit,groth16,bn254,exponentiate,input/circuit/exponentiate_2/input_11.json,setup,2049,1,2,51246344,58091,0,1,
gnark,circuit,groth16,bn254,exponentiate,input/circuit/exponentiate_2/input_11.json,setup,2049,1,2,51246344,58592,0,1,
gnark,circuit,groth16,bn254,exponentiate,input/circuit/exponentiate_2/input_11.json,setup,2049,1,2,51246344,57191,0,1,
gnark,circuit,groth16,bn254,exponentiate,input/circuit/exponentiate_2/input_11.json,setup,2049,1,2,51508488,57755,0,1,
gnark,circuit,groth16,bn254,exponentiate,input/circuit/exponentiate_2/input_11.json,witness,2049,1,2,18674952,1048,0,1,
gnark,circuit,groth16,bn254,exponentiate,input/circuit/exponentiate_2/input_11.json,witness,2049,1,2,18412808,1048,0,1,
gnark,circuit,groth16,bn254,exponentiate,input/circuit/exponentiate_2/input_11.json,witness,2049,1,2,18674952,1048,0,1,
gnark,circuit,groth16,bn254,exponentiate,input/circuit/exponentiate_2/input_11.json,witness,2049,1,2,18674952,1048,0,1,
gnark,circuit,groth16,bn254,exponentiate,input/circuit/exponentiate_2/input_11.json,witness,2049,1,2,18674952,1048,0,1,
gnark,circuit,groth16,bn254,exponentiate,input/circuit/exponentiate_2/input_11.json,witness,2049,1,2,18412808,1048,0,1,
gnark,circuit,groth16,bn254,exponentiate,input/circuit/exponentiate_2/input_11.json,witness,2049,1,2,18674952,1048,0,1,
gnark,circuit,groth16,bn254,exponentiate,input/circuit/exponentiate_2/input_11.json,witness,2049,1,2,18937096,1048,0,1,
gnark,circuit,groth16,bn254,exponentiate,input/circuit/exponentiate_2/input_11.json,witness,2049,1,2,18674952,1048,0,1,
gnark,circuit,groth16,bn254,exponentiate,input/circuit/exponentiate_2/input_11.json,witness,2049,1,2,18674952,1048,0,1,
gnark,circuit,groth16,bn254,exponentiate,input/circuit/exponentiate_2/input_11.json,prove,2049,1,2,51770632,5023,384,1,
gnark,circuit,groth16,bn254,exponentiate,input/circuit/exponentiate_2/input_11.json,prove,2049,1,2,50984200,5246,384,1,
gnark,circuit,groth16,bn254,exponentiate,input/circuit/exponentiate_2/input_11.json,prove,2049,1,2,51508488,4989,384,1,
gnark,circuit,groth16,bn254,exponentiate,input/circuit/exponentiate_2/input_11.json,prove,2049,1,2,51246344,4888,384,1,
gnark,circuit,groth16,bn254,exponentiate,input/circuit/exponentiate_2/input_11.json,prove,2049,1,2,52294920,4823,384,1,
gnark,circuit,groth16,bn254,exponentiate,input/circuit/exponentiate_2/input_11.json,prove,2049,1,2,52032776,4860,384,1,
gnark,circuit,groth16,bn254,exponentiate,input/circuit/exponentiate_2/input_11.json,prove,2049,1,2,52032776,5052,384,1,
gnark,circuit,groth16,bn254,exponentiate,input/circuit/exponentiate_2/input_11.json,prove,2049,1,2,51770632,4773,384,1,
gnark,circuit,groth16,bn254,exponentiate,input/circuit/exponentiate_2/input_11.json,prove,2049,1,2,51508488,4828,384,1,
gnark,circuit,groth16,bn254,exponentiate,input/circuit/exponentiate_2/input_11.json,prove,2049,1,2,52032776,4972,384,1,
gnark,circuit,groth16,bn254,exponentiate,input/circuit/exponentiate_2/input_11.json,verify,2049,1,2,52557064,836,0,1,
gnark,circuit,groth16,bn254,exponentiate,input/circuit/exponentiate_2/input_11.json,verify,2049,1,2,52032776,749,0,1,
gnark,circuit,groth16,bn254,exponentiate,input/circuit/exponentiate_2/input_11.json,verify,2049,1,2,51770632,778,0,1,
gnark,circuit,groth16,bn254,exponentiate,input/circuit/exponentiate_2/input_11.json,verify,2049,1,2,51508488,774,0,1,
gnark,circuit,groth16,bn254,exponentiate,input/circuit/exponentiate_2/input_11.json,verify,2049,1,2,47576328,1074,0,1,
gnark,circuit,groth16,bn254,exponentiate,input/circuit/exponentiate_2/input_11.json,verify,2049,1,2,51770632,1055,0,1,
gnark,circuit,groth16,bn254,exponentiate,input/circuit/exponentiate_2/input_11.json,verify,2049,1,2,52032776,768,0,1,
gnark,circuit,groth16,bn254,exponentiate,input/circuit/exponentiate_2/input_11.json,verify,2049,1,2,52360456,770,0,1,
gnark,circuit,groth16,bn254,exponentiate,input/circuit/exponentiate_2/input_11.json,verify,2049,1,2,51770632,779,0,1,
gnark,circuit,groth16,bn254,exponentiate,input/circuit/exponentiate_2/input_11.json,verify,2049,1,2,51311880,784,0,1,
gnark,circuit,groth16,bn254,exponentiate,input/circuit/exponentiate_2/input_12.json,compile,4097,1,2,18674952,4216,0,1,
gnark,circuit,groth16,bn254,exponentiate,input/circuit/exponentiate_2/input_12.json,compile,4097,1,2,18674952,4162,0,1,
gnark,circuit,groth16,bn254,exponentiate,input/circuit/exponentiate_2/input_12.json,compile,4097,1,2,18674952,4244,0,1,
gnark,circuit,groth16,bn254,exponentiate,input/circuit/exponentiate_2/input_12.json,compile,4097,1,2,18412808,4200,0,1,
gnark,circuit,groth16,bn254,exponentiate,input/circuit/exponentiate_2/input_12.json,compile,4097,1,2,18674952,4306,0,1,
gnark,circuit,groth16,bn254,exponentiate,input/circuit/exponentiate_2/input_12.json,compile,4097,1,2,18412808,4227,0,1,
gnark,circuit,groth16,bn254,exponentiate,input/circuit/exponentiate_2/input_12.json,compile,4097,1,2,18674952,4357,0,1,
gnark,circuit,groth16,bn254,exponentiate,input/circuit/exponentiate_2/input_12.json,compile,4097,1,2,18674952,4392,0,1,
gnark,circuit,groth16,bn254,exponentiate,input/circuit/exponentiate_2/input_12.json,compile,4097,1,2,18674952,4198,0,1,
gnark,circuit,groth16,bn254,exponentiate,input/circuit/exponentiate_2/input_12.json,compile,4097,1,2,18674952,4380,0,1,
gnark,circuit,groth16,bn254,exponentiate,input/circuit/exponentiate_2/input_12.json,setup,4097,1,2,51770632,92014,0,1,
gnark,circuit,groth16,bn254,exponentiate,input/circuit/exponentiate_2/input_12.json,setup,4097,1,2,51246344,92083,0,1,
gnark,circuit,groth16,bn254,exponentiate,input/circuit/exponentiate_2/input_12.json,setup,4097,1,2,52032776,91026,0,1,
gnark,circuit,groth16,bn254,exponentiate,input/circuit/exponentiate_2/input_12.json,setup,4097,1,2,50984200,91382,0,1,
gnark,circuit,groth16,bn254,exponentiate,input/circuit/exponentiate_2/input_12.json,setup,4097,1,2,51770632,91923,0,1,
gnark,circuit,groth16,bn254,exponentiate,input/circuit/exponentiate_2/input_12.json,setup,4097,1,2,50984200,91760,0,1,
gnark,circuit,groth16,bn254,exponentiate,input/circuit/exponentiate_2/input_12.json,setup,4097,1,2,51508488,91341,0,1,
gnark,circuit,groth16,bn254,exponentiate,input/circuit/exponentiate_2/input_12.json,setup,4097,1,2,51770632,91924,0,1,
gnark,circuit,groth16,bn254,exponentiate,input/circuit/exponentiate_2/input_12.json,setup,4097,1,2,51246344,91083,0,1,
gnark,circuit,groth16,bn254,exponentiate,input/circuit/exponentiate_2/input_12.json,setup,4097,1,2,50722056,91418,0,1,
gnark,circuit,groth16,bn254,exponentiate,input/circuit/exponentiate_2/input_12.json,witness,4097,1,2,18674952,1048,0,1,
gnark,circuit,groth16,bn254,exponentiate,input/circuit/exponentiate_2/input_12.json,witness,4097,1,2,18674952,1048,0,1,
gnark,circuit,groth16,bn254,exponentiate,input/circuit/exponentiate_2/input_12.json,witness,4097,1,2,18412808,1048,0,1,
gnark,circuit,groth16,bn254,exponentiate,input/circuit/exponentiate_2/input_12.json,witness,4097,1,2,18937096,1048,0,1,
gnark,circuit,groth16,bn254,exponentiate,input/circuit/exponentiate_2/input_12.json,witness,4097,1,2,18674952,1048,0,1,
gnark,circuit,groth16,bn254,exponentiate,input/circuit/exponentiate_2/input_12.json,witness,4097,1,2,18412808,1048,0,1,
gnark,circuit,groth16,bn254,exponentiate,input/circuit/exponentiate_2/input_12.json,witness,4097,1,2,18674952,1048,0,1,
gnark,circuit,groth16,bn254,exponentiate,input/circuit/exponentiate_2/input_12.json,witness,4097,1,2,18412808,1048,0,1,
gnark,circuit,groth16,bn254,exponentiate,input/circuit/exponentiate_2/input_12.json,witness,4097,1,2,18674952,1048,0,1,
gnark,circuit,groth16,bn254,exponentiate,input/circuit/exponentiate_2/input_12.json,witness,4097,1,2,18412808,1048,0,1,
gnark,circuit,groth16,bn254,exponentiate,input/circuit/exponentiate_2/input_12.json,prove,4097,1,2,56227080,7843,384,1,
gnark,circuit,groth16,bn254,exponentiate,input/circuit/exponentiate_2/input_12.json,prove,4097,1,2,52032776,7641,384,1,
gnark,circuit,groth16,bn254,exponentiate,input/circuit/exponentiate_2/input_12.json,prove,4097,1,2,51508488,7761,384,1,
gnark,circuit,groth16,bn254,exponentiate,input/circuit/exponentiate_2/input_12.json,prove,4097,1,2,51770632,7498,384,1,
gnark,circuit,groth16,bn254,exponentiate,input/circuit/exponentiate_2/input_12.json,prove,4097,1,2,56489224,7705,384,1,
gnark,circuit,groth16,bn254,exponentiate,input/circuit/exponentiate_2/input_12.json,prove,4097,1,2,51508488,7413,384,1,
gnark,circuit,groth16,bn254,exponentiate,input/circuit/exponentiate_2/input_12.json,prove,4097,1,2,52294920,7563,384,1,
gnark,circuit,groth16,bn254,exponentiate,input/circuit/exponentiate_2/input_12.json,prove,4097,1,2,55702792,7404,384,1,
gnark,circuit,groth16,bn254,exponentiate,input/circuit/exponentiate_2/input_12.json,prove,4097,1,2,52294920,7347,384,1,
gnark,circuit,groth16,bn254,exponentiate,input/circuit/exponentiate_2/input_12.json,prove,4097,1,2,52032776,7585,384,1,
gnark,circuit,groth16,bn254,exponentiate,input/circuit/exponentiate_2/input_12.json,verify,4097,1,2,51508488,766,0,1,
gnark,circuit,groth16,bn254,exponentiate,input/circuit/exponentiate_2/input_12.json,verify,4097,1,2,55964936,810,0,1,
gnark,circuit,groth16,bn254,exponentiate,input/circuit/exponentiate_2/input_12.json,verify,4097,1,2,55964936,761,0,1,
gnark,circuit,groth16,bn254,exponentiate,input/circuit/exponentiate_2/input_12.json,verify,4097,1,2,55702792,783,0,1,
gnark,circuit,groth16,bn254,exponentiate,input/circuit/exponentiate_2/input_12.json,verify,4097,1,2,51770632,796,0,1,
gnark,circuit,groth16,bn254,exponentiate,input/circuit/exponentiate_2/input_12.json,verify,4097,1,2,51508488,756,0,1,
gnark,circuit,groth16,bn254,exponentiate,input/circuit/exponentiate_2/input_12.json,verify,4097,1,2,52032776,1012,0,1,
gnark,circuit,groth16,bn254,exponentiate,input/circuit/exponentiate_2/input_12.json,verify,4097,1,2,51508488,779,0,1,
gnark,circuit,groth16,bn254,exponentiate,input/circuit/exponentiate_2/input_12.json,verify,4097,1,2,52294920,790,0,1,
gnark,circuit,groth16,bn254,exponentiate,input/circuit/exponentiate_2/input_12.json,verify,4097,1,2,57537800,748,0,1,
gnark,circuit,groth16,bn254,exponentiate,input/circuit/exponentiate_2/input_13.json,compile,8193,1,2,23459080,7654,0,1,
gnark,circuit,groth16,bn254,exponentiate,input/circuit/exponentiate_2/input_13.json,compile,8193,1,2,23721224,7375,0,1,
gnark,circuit,groth16,bn254,exponentiate,input/circuit/exponentiate_2/input_13.json,compile,8193,1,2,23459080,7545,0,1,
gnark,circuit,groth16,bn254,exponentiate,input/circuit/exponentiate_2/input_13.json,compile,8193,1,2,23459080,7384,0,1,
gnark,circuit,groth16,bn254,exponentiate,input/circuit/exponentiate_2/input_13.json,compile,8193,1,2,23196936,7225,0,1,
gnark,circuit,groth16,bn254,exponentiate,input/circuit/exponentiate_2/input_13.json,compile,8193,1,2,23459080,7180,0,1,
gnark,circuit,groth16,bn254,exponentiate,input/circuit/exponentiate_2/input_13.json,compile,8193,1,2,23721224,7346,0,1,
gnark,circuit,groth16,bn254,exponentiate,input/circuit/exponentiate_2/input_13.json,compile,8193,1,2,23459080,7291,0,1,
gnark,circuit,groth16,bn254,exponentiate,input/circuit/exponentiate_2/input_13.json,compile,8193,1,2,23721224,7280,0,1,
gnark,circuit,groth16,bn254,exponentiate,input/circuit/exponentiate_2/input_13.json,compile,8193,1,2,23196936,7236,0,1,
gnark,circuit,groth16,bn254,exponentiate,input/circuit/exponentiate_2/input_13.json,setup,8193,1,2,55964936,158394,0,1,
gnark,circuit,groth16,bn254,exponentiate,input/circuit/exponentiate_2/input_13.json,setup,8193,1,2,55964936,157487,0,1,
gnark,circuit,groth16,bn254,exponentiate,input/circuit/exponentiate_2/input_13.json,setup,8193,1,2,55702792,158111,0,1,
gnark,circuit,groth16,bn254,exponentiate,input/circuit/exponentiate_2/input_13.json,setup,8193,1,2,55440648,157800,0,1,
gnark,circuit,groth16,bn254,exponentiate,input/circuit/exponentiate_2/input_13.json,setup,8193,1,2,59634952,156923,0,1,
gnark,circuit,groth16,bn254,exponentiate,input/circuit/exponentiate_2/input_13.json,setup,8193,1,2,60421384,158463,0,1,
gnark,circuit,groth16,bn254,exponentiate,input/circuit/exponentiate_2/input_13.json,setup,8193,1,2,55702792,157986,0,1,
gnark,circuit,groth16,bn254,exponentiate,input/circuit/exponentiate_2/input_13.json,setup,8193,1,2,59110664,157649,0,1,
gnark,circuit,groth16,bn254,exponentiate,input/circuit/exponentiate_2/input_13.json,setup,8193,1,2,59372808,156967,0,1,
gnark,circuit,groth16,bn254,exponentiate,input/circuit/exponentiate_2/input_13.json,setup,8193,1,2,60683528,157428,0,1,
gnark,circuit,groth16,bn254,exponentiate,input/circuit/exponentiate_2/input_13.json,witness,8193,1,2,22934792,1048,0,1,
gnark,circuit,groth16,bn254,exponentiate,input/circuit/exponentiate_2/input_13.json,witness,8193,1,2,23196936,1048,0,1,
gnark,circuit,groth16,bn254,exponentiate,input/circuit/exponentiate_2/input_13.json,witness,8193,1,2,23459080,1048,0,1,
gnark,circuit,groth16,bn254,exponentiate,input/circuit/exponentiate_2/input_13.json,witness,8193,1,2,23196936,1048,0,1,
gnark,circuit,groth16,bn254,exponentiate,input/circuit/exponentiate_2/input_13.json,witness,8193,1,2,23721224,1048,0,1,
gnark,circuit,groth16,bn254,exponentiate,input/circuit/exponentiate_2/input_13.json,witness,8193,1,2,22934792,1048,0,1,
gnark,circuit,groth16,bn254,exponentiate,input/circuit/exponentiate_2/input_13.json,witness,8193,1,2,22672648,1048,0,1,
gnark,circuit,groth16,bn254,exponentiate,input/circuit/exponentiate_2/input_13.json,witness,8193,1,2,23721224,1048,0,1,
gnark,circuit,groth16,bn254,exponentiate,input/circuit/exponentiate_2/input_13.json,witness,8193,1,2,23459080,1048,0,1,
gnark,circuit,groth16,bn254,exponentiate,input/circuit/exponentiate_2/input_13.json,witness,8193,1,2,23196936,1048,0,1,
gnark,circuit,groth16,bn254,exponentiate,input/circuit/exponentiate_2/input_13.json,prove,8193,1,2,68809992,12529,384,1,
gnark,circuit,groth16,bn254,exponentiate,input/circuit/exponentiate_2/input_13.json,prove,8193,1,2,69858568,12347,384,1,
gnark,circuit,groth16,bn254,exponentiate,input/circuit/exponentiate_2/input_13.json,prove,8193,1,2,68547848,12255,384,1,
gnark,circuit,groth16,bn254,exponentiate,input/circuit/exponentiate_2/input_13.json,prove,8193,1,2,64877832,12231,384,1,
gnark,circuit,groth16,bn254,exponentiate,input/circuit/exponentiate_2/input_13.json,prove,8193,1,2,64877832,12237,384,1,
gnark,circuit,groth16,bn254,exponentiate,input/circuit/exponentiate_2/input_13.json,prove,8193,1,2,64353544,12521,384,1,
gnark,circuit,groth16,bn254,exponentiate,input/circuit/exponentiate_2/input_13.json,prove,8193,1,2,65139976,12406,384,1,
gnark,circuit,groth16,bn254,exponentiate,input/circuit/exponentiate_2/input_13.json,prove,8193,1,2,65139976,12632,384,1,
gnark,circuit,groth16,bn254,exponentiate,input/circuit/exponentiate_2/input_13.json,prove,8193,1,2,68809992,12534,384,1,
gnark,circuit,groth16,bn254,exponentiate,input/circuit/exponentiate_2/input_13.json,prove,8193,1,2,69072136,12326,384,1,
gnark,circuit,groth16,bn254,exponentiate,input/circuit/exponentiate_2/input_13.json,verify,8193,1,2,68547848,1122,0,1,
gnark,circuit,groth16,bn254,exponentiate,input/circuit/exponentiate_2/input_13.json,verify,8193,1,2,65402120,1041,0,1,
gnark,circuit,groth16,bn254,exponentiate,input/circuit/exponentiate_2/input_13.json,verify,8193,1,2,64877832,807,0,1,
gnark,circuit,groth16,bn254,exponentiate,input/circuit/exponentiate_2/input_13.json,verify,8193,1,2,69072136,766,0,1,
gnark,circuit,groth16,bn254,exponentiate,input/circuit/exponentiate_2/input_13.json,verify,8193,1,2,68809992,759,0,1,
gnark,circuit,groth16,bn254,exponentiate,input/circuit/exponentiate_2/input_13.json,verify,8193,1,2,64353544,750,0,1,
gnark,circuit,groth16,bn254,exponentiate,input/circuit/exponentiate_2/input_13.json,verify,8193,1,2,64877832,794,0,1,
gnark,circuit,groth16,bn254,exponentiate,input/circuit/exponentiate_2/input_13.json,verify,8193,1,2,68809992,777,0,1,
gnark,circuit,groth16,bn254,exponentiate,input/circuit/exponentiate_2/input_13.json,verify,8193,1,2,68809992,797,0,1,
gnark,circuit,groth16,bn254,exponentiate,input/circuit/exponentiate_2/input_13.json,verify,8193,1,2,69334280,779,0,1,
gnark,circuit,groth16,bn254,exponentiate,input/circuit/exponentiate_2/input_14.json,compile,16385,1,2,28177672,14144,0,1,
gnark,circuit,groth16,bn254,exponentiate,input/circuit/exponentiate_2/input_14.json,compile,16385,1,2,27391240,13780,0,1,
gnark,circuit,groth16,bn254,exponentiate,input/circuit/exponentiate_2/input_14.json,compile,16385,1,2,27653384,14085,0,1,
gnark,circuit,groth16,bn254,exponentiate,input/circuit/exponentiate_2/input_14.json,compile,16385,1,2,23196936,13743,0,1,
gnark,circuit,groth16,bn254,exponentiate,input/circuit/exponentiate_2/input_14.json,compile,16385,1,2,23721224,13462,0,1,
gnark,circuit,groth16,bn254,exponentiate,input/circuit/exponentiate_2/input_14.json,compile,16385,1,2,28177672,13822,0,1,
gnark,circuit,groth16,bn254,exponentiate,input/circuit/exponentiate_2/input_14.json,compile,16385,1,2,28439816,13844,0,1,
gnark,circuit,groth16,bn254,exponentiate,input/circuit/exponentiate_2/input_14.json,compile,16385,1,2,23983368,13449,0,1,
gnark,circuit,groth16,bn254,exponentiate,input/circuit/exponentiate_2/input_14.json,compile,16385,1,2,28177672,13519,0,1,
gnark,circuit,groth16,bn254,exponentiate,input/circuit/exponentiate_2/input_14.json,compile,16385,1,2,28177672,13333,0,1,
gnark,circuit,groth16,bn254,exponentiate,input/circuit/exponentiate_2/input_14.json,setup,16385,1,2,72480008,293816,0,1,
gnark,circuit,groth16,bn254,exponentiate,input/circuit/exponentiate_2/input_14.json,setup,16385,1,2,71955720,291173,0,1,
gnark,circuit,groth16,bn254,exponentiate,input/circuit/exponentiate_2/input_14.json,setup,16385,1,2,68023560,291188,0,1,
gnark,circuit,groth16,bn254,exponentiate,input/circuit/exponentiate_2/input_14.json,setup,16385,1,2,72217864,292173,0,1,
gnark,circuit,groth16,bn254,exponentiate,input/circuit/exponentiate_2/input_14.json,setup,16385,1,2,68023560,291672,0,1,
gnark,circuit,groth16,bn254,exponentiate,input/circuit/exponentiate_2/input_14.json,setup,16385,1,2,68285704,291899,0,1,
gnark,circuit,groth16,bn254,exponentiate,input/circuit/exponentiate_2/input_14.json,setup,16385,1,2,68547848,290498,0,1,
gnark,circuit,groth16,bn254,exponentiate,input/circuit/exponentiate_2/input_14.json,setup,16385,1,2,67499272,292714,0,1,
gnark,circuit,groth16,bn254,exponentiate,input/circuit/exponentiate_2/input_14.json,setup,16385,1,2,71693576,292279,0,1,
gnark,circuit,groth16,bn254,exponentiate,input/circuit/exponentiate_2/input_14.json,setup,16385,1,2,68285704,290360,0,1,
gnark,circuit,groth16,bn254,exponentiate,input/circuit/exponentiate_2/input_14.json,witness,16385,1,2,28439816,1048,0,1,
gnark,circuit,groth16,bn254,exponentiate,input/circuit/exponentiate_2/input_14.json,witness,16385,1,2,28177672,1048,0,1,
gnark,circuit,groth16,bn254,exponentiate,input/circuit/exponentiate_2/input_14.json,witness,16385,1,2,28439816,1048,0,1,
gnark,circuit,groth16,bn254,exponentiate,input/circuit/exponentiate_2/input_14.json,witness,16385,1,2,23983368,1048,0,1,
gnark,circuit,groth16,bn254,exponentiate,input/circuit/exponentiate_2/input_14.json,witness,16385,1,2,27915528,1048,0,1,
gnark,circuit,groth16,bn254,exponentiate,input/circuit/exponentiate_2/input_14.json,witness,16385,1,2,28439816,1048,0,1,
gnark,circuit,groth16,bn254,exponentiate,input/circuit/exponentiate_2/input_14.json,witness,16385,1,2,27915528,1048,0,1,
gnark,circuit,groth16,bn254,exponentiate,input/circuit/exponentiate_2/input_14.json,witness,16385,1,2,23983368,1048,0,1,
gnark,circuit,groth16,bn254,exponentiate,input/circuit/exponentiate_2/input_14.json,witness,16385,1,2,23983368,1048,0,1,
gnark,circuit,groth16,bn254,exponentiate,input/circuit/exponentiate_2/input_14.json,witness,16385,1,2,28439816,1048,0,1,
gnark,circuit,groth16,bn254,exponentiate,input/circuit/exponentiate_2/input_14.json,prove,16385,1,2,103235864,25308,384,1,
gnark,circuit,groth16,bn254,exponentiate,input/circuit/exponentiate_2/input_14.json,prove,16385,1,2,103760152,24870,384,1,
gnark,circuit,groth16,bn254,exponentiate,input/circuit/exponentiate_2/input_14.json,prove,16385,1,2,95371544,23514,384,1,
gnark,circuit,groth16,bn254,exponentiate,input/circuit/exponentiate_2/input_14.json,prove,16385,1,2,95633688,23470,384,1,
gnark,circuit,groth16,bn254,exponentiate,input/circuit/exponentiate_2/input_14.json,prove,16385,1,2,95371544,23459,384,1,
gnark,circuit,groth16,bn254,exponentiate,input/circuit/exponentiate_2/input_14.json,prove,16385,1,2,95109400,23140,384,1,
gnark,circuit,groth16,bn254,exponentiate,input/circuit/exponentiate_2/input_14.json,prove,16385,1,2,104546584,25347,384,1,
gnark,circuit,groth16,bn254,exponentiate,input/circuit/exponentiate_2/input_14.json,prove,16385,1,2,95895832,23284,384,1,
gnark,circuit,groth16,bn254,exponentiate,input/circuit/exponentiate_2/input_14.json,prove,16385,1,2,108740888,25072,384,1,
gnark,circuit,groth16,bn254,exponentiate,input/circuit/exponentiate_2/input_14.json,prove,16385,1,2,100090136,24651,384,1,
gnark,circuit,groth16,bn254,exponentiate,input/circuit/exponentiate_2/input_14.json,verify,16385,1,2,90915096,1045,0,1,
gnark,circuit,groth16,bn254,exponentiate,input/circuit/exponentiate_2/input_14.json,verify,16385,1,2,99041560,781,0,1,
gnark,circuit,groth16,bn254,exponentiate,input/circuit/exponentiate_2/input_14.json,verify,16385,1,2,108478744,857,0,1,
gnark,circuit,groth16,bn254,exponentiate,input/circuit/exponentiate_2/input_14.json,verify,16385,1,2,104284440,1036,0,1,
gnark,circuit,groth16,bn254,exponentiate,input/circuit/exponentiate_2/input_14.json,verify,16385,1,2,95371544,785,0,1,
gnark,circuit,groth16,bn254,exponentiate,input/circuit/exponentiate_2/input_14.json,verify,16385,1,2,107954456,1053,0,1,
gnark,circuit,groth16,bn254,exponentiate,input/circuit/exponentiate_2/input_14.json,verify,16385,1,2,95371544,770,0,1,
gnark,circuit,groth16,bn254,exponentiate,input/circuit/exponentiate_2/input_14.json,verify,16385,1,2,95633688,810,0,1,
gnark,circuit,groth16,bn254,exponentiate,input/circuit/exponentiate_2/input_14.json,verify,16385,1,2,104284440,823,0,1,
gnark,circuit,groth16,bn254,exponentiate,input/circuit/exponentiate_2/input_14.json,verify,16385,1,2,96157976,1038,0,1,
gnark,circuit,groth16,bn254,exponentiate,input/circuit/exponentiate_2/input_15.json,compile,32769,1,2,28964104,24657,0,1,
gnark,circuit,groth16,bn254,exponentiate,input/circuit/exponentiate_2/input_15.json,compile,32769,1,2,28177672,25068,0,1,
gnark,circuit,groth16,bn254,exponentiate,input/circuit/exponentiate_2/input_15.json,compile,32769,1,2,28177672,24490,0,1,
gnark,circuit,groth16,bn254,exponentiate,input/circuit/exponentiate_2/input_15.json,compile,32769,1,2,28439816,24789,0,1,
gnark,circuit,groth16,bn254,exponentiate,input/circuit/exponentiate_2/input_15.json,compile,32769,1,2,28177672,24474,0,1,
gnark,circuit,groth16,bn254,exponentiate,input/circuit/exponentiate_2/input_15.json,compile,32769,1,2,33158408,25570,0,1,
gnark,circuit,groth16,bn254,exponentiate,input/circuit/exponentiate_2/input_15.json,compile,32769,1,2,32634120,24945,0,1,
gnark,circuit,groth16,bn254,exponentiate,input/circuit/exponentiate_2/input_15.json,compile,32769,1,2,32371976,24965,0,1,
gnark,circuit,groth16,bn254,exponentiate,input/circuit/exponentiate_2/input_15.json,compile,32769,1,2,28701960,24770,0,1,
gnark,circuit,groth16,bn254,exponentiate,input/circuit/exponentiate_2/input_15.json,compile,32769,1,2,32371976,25168,0,1,
gnark,circuit,groth16,bn254,exponentiate,input/circuit/exponentiate_2/input_15.json,setup,32769,1,2,94060824,568592,0,1,
gnark,circuit,groth16,bn254,exponentiate,input/circuit/exponentiate_2/input_15.json,setup,32769,1,2,94322968,560378,0,1,
gnark,circuit,groth16,bn254,exponentiate,input/circuit/exponentiate_2/input_15.json,setup,32769,1,2,98517272,559138,0,1,
gnark,circuit,groth16,bn254,exponentiate,input/circuit/exponentiate_2/input_15.json,setup,32769,1,2,98779416,559108,0,1,
gnark,circuit,groth16,bn254,exponentiate,input/circuit/exponentiate_2/input_15.json,setup,32769,1,2,94060824,561049,0,1,
gnark,circuit,groth16,bn254,exponentiate,input/circuit/exponentiate_2/input_15.json,setup,32769,1,2,94585112,558654,0,1,
gnark,circuit,groth16,bn254,exponentiate,input/circuit/exponentiate_2/input_15.json,setup,32769,1,2,95109400,560367,0,1,
gnark,circuit,groth16,bn254,exponentiate,input/circuit/exponentiate_2/input_15.json,setup,32769,1,2,94060824,562597,0,1,
gnark,circuit,groth16,bn254,exponentiate,input/circuit/exponentiate_2/input_15.json,setup,32769,1,2,94322968,559177,0,1,
gnark,circuit,groth16,bn254,exponentiate,input/circuit/exponentiate_2/input_15.json,setup,32769,1,2,97730840,560711,0,1,
gnark,circuit,groth16,bn254,exponentiate,input/circuit/exponentiate_2/input_15.json,witness,32769,1,2,32896264,1048,0,1,
gnark,circuit,groth16,bn254,exponentiate,input/circuit/exponentiate_2/input_15.json,witness,32769,1,2,28177672,1048,0,1,
gnark,circuit,groth16,bn254,exponentiate,input/circuit/exponentiate_2/input_15.json,witness,32769,1,2,33420552,1048,0,1,
gnark,circuit,groth16,bn254,exponentiate,input/circuit/exponentiate_2/input_15.json,witness,32769,1,2,32896264,1048,0,1,
gnark,circuit,groth16,bn254,exponentiate,input/circuit/exponentiate_2/input_15.json,witness,32769,1,2,28439816,1048,0,1,
gnark,circuit,groth16,bn254,exponentiate,input/circuit/exponentiate_2/input_15.json,witness,32769,1,2,32896264,1048,0,1,
gnark,circuit,groth16,bn254,exponentiate,input/circuit/exponentiate_2/input_15.json,witness,32769,1,2,33158408,1048,0,1,
gnark,circuit,groth16,bn254,exponentiate,input/circuit/exponentiate_2/input_15.json,witness,32769,1,2,32634120,1048,0,1,
gnark,circuit,groth16,bn254,exponentiate,input/circuit/exponentiate_2/input_15.json,witness,32769,1,2,33682696,1048,0,1,
gnark,circuit,groth16,bn254,exponentiate,input/circuit/exponentiate_2/input_15.json,witness,32769,1,2,28439816,1048,0,1,
gnark,circuit,groth16,bn254,exponentiate,input/circuit/exponentiate_2/input_15.json,prove,32769,1,2,142295320,43023,384,1,
gnark,circuit,groth16,bn254,exponentiate,input/circuit/exponentiate_2/input_15.json,prove,32769,1,2,145965336,42595,384,1,
gnark,circuit,groth16,bn254,exponentiate,input/circuit/exponentiate_2/input_15.json,prove,32769,1,2,141771032,42354,384,1,
gnark,circuit,groth16,bn254,exponentiate,input/circuit/exponentiate_2/input_15.json,prove,32769,1,2,145703192,43826,384,1,
gnark,circuit,groth16,bn254,exponentiate,input/circuit/exponentiate_2/input_15.json,prove,32769,1,2,141508888,43041,384,1,
gnark,circuit,groth16,bn254,exponentiate,input/circuit/exponentiate_2/input_15.json,prove,32769,1,2,144392472,44063,384,1,
gnark,circuit,groth16,bn254,exponentiate,input/circuit/exponentiate_2/input_15.json,prove,32769,1,2,145441048,43115,384,1,
gnark,circuit,groth16,bn254,exponentiate,input/circuit/exponentiate_2/input_15.json,prove,32769,1,2,140722456,44124,384,1,
gnark,circuit,groth16,bn254,exponentiate,input/circuit/exponentiate_2/input_15.json,prove,32769,1,2,141508888,42410,384,1,
gnark,circuit,groth16,bn254,exponentiate,input/circuit/exponentiate_2/input_15.json,prove,32769,1,2,145178904,43796,384,1,
gnark,circuit,groth16,bn254,exponentiate,input/circuit/exponentiate_2/input_15.json,verify,32769,1,2,146227480,1048,0,1,
gnark,circuit,groth16,bn254,exponentiate,input/circuit/exponentiate_2/input_15.json,verify,32769,1,2,145965336,1053,0,1,
gnark,circuit,groth16,bn254,exponentiate,input/circuit/exponentiate_2/input_15.json,verify,32769,1,2,146227480,789,0,1,
gnark,circuit,groth16,bn254,exponentiate,input/circuit/exponentiate_2/input_15.json,verify,32769,1,2,144392472,819,0,1,
gnark,circuit,groth16,bn254,exponentiate,input/circuit/exponentiate_2/input_15.json,verify,32769,1,2,145703192,785,0,1,
gnark,circuit,groth16,bn254,exponentiate,input/circuit/exponentiate_2/input_15.json,verify,32769,1,2,141508888,803,0,1,
gnark,circuit,groth16,bn254,exponentiate,input/circuit/exponentiate_2/input_15.json,verify,32769,1,2,145703192,807,0,1,
gnark,circuit,groth16,bn254,exponentiate,input/circuit/exponentiate_2/input_15.json,verify,32769,1,2,144916760,1047,0,1,
gnark,circuit,groth16,bn254,exponentiate,input/circuit/exponentiate_2/input_15.json,verify,32769,1,2,150421784,809,0,1,
gnark,circuit,groth16,bn254,exponentiate,input/circuit/exponentiate_2/input_15.json,verify,32769,1,2,141246744,811,0,1,
gnark,circuit,groth16,bn254,exponentiate,input/circuit/exponentiate_2/input_16.json,compile,65537,1,2,43382024,49171,0,1,
gnark,circuit,groth16,bn254,exponentiate,input/circuit/exponentiate_2/input_16.json,compile,65537,1,2,41547016,50126,0,1,
gnark,circuit,groth16,bn254,exponentiate,input/circuit/exponentiate_2/input_16.json,compile,65537,1,2,41809160,49658,0,1,
gnark,circuit,groth16,bn254,exponentiate,input/circuit/exponentiate_2/input_16.json,compile,65537,1,2,41809160,49427,0,1,
gnark,circuit,groth16,bn254,exponentiate,input/circuit/exponentiate_2/input_16.json,compile,65537,1,2,41284872,50374,0,1,
gnark,circuit,groth16,bn254,exponentiate,input/circuit/exponentiate_2/input_16.json,compile,65537,1,2,41809160,50242,0,1,
gnark,circuit,groth16,bn254,exponentiate,input/circuit/exponentiate_2/input_16.json,compile,65537,1,2,41547016,48773,0,1,
gnark,circuit,groth16,bn254,exponentiate,input/circuit/exponentiate_2/input_16.json,compile,65537,1,2,46789896,48757,0,1,
gnark,circuit,groth16,bn254,exponentiate,input/circuit/exponentiate_2/input_16.json,compile,65537,1,2,42071304,48555,0,1,
gnark,circuit,groth16,bn254,exponentiate,input/circuit/exponentiate_2/input_16.json,compile,65537,1,2,41809160,50044,0,1,
gnark,circuit,groth16,bn254,exponentiate,input/circuit/exponentiate_2/input_16.json,setup,65537,1,2,170167592,1094261,0,1,
gnark,circuit,groth16,bn254,exponentiate,input/circuit/exponentiate_2/input_16.json,setup,65537,1,2,166497576,1097932,0,1,
gnark,circuit,groth16,bn254,exponentiate,input/circuit/exponentiate_2/input_16.json,setup,65537,1,2,170429736,1095520,0,1,
gnark,circuit,groth16,bn254,exponentiate,input/circuit/exponentiate_2/input_16.json,setup,65537,1,2,169905448,1096800,0,1,
gnark,circuit,groth16,bn254,exponentiate,input/circuit/exponentiate_2/input_16.json,setup,65537,1,2,165711144,1095993,0,1,
gnark,circuit,groth16,bn254,exponentiate,input/circuit/exponentiate_2/input_16.json,setup,65537,1,2,166759720,1095362,0,1,
gnark,circuit,groth16,bn254,exponentiate,input/circuit/exponentiate_2/input_16.json,setup,65537,1,2,166235432,1094718,0,1,
gnark,circuit,groth16,bn254,exponentiate,input/circuit/exponentiate_2/input_16.json,setup,65537,1,2,170429736,1096198,0,1,
gnark,circuit,groth16,bn254,exponentiate,input/circuit/exponentiate_2/input_16.json,setup,65537,1,2,166759720,1095258,0,1,
gnark,circuit,groth16,bn254,exponentiate,input/circuit/exponentiate_2/input_16.json,setup,65537,1,2,165973288,1094064,0,1,
gnark,circuit,groth16,bn254,exponentiate,input/circuit/exponentiate_2/input_16.json,witness,65537,1,2,41547016,1048,0,1,
gnark,circuit,groth16,bn254,exponentiate,input/circuit/exponentiate_2/input_16.json,witness,65537,1,2,41809160,1048,0,1,
gnark,circuit,groth16,bn254,exponentiate,input/circuit/exponentiate_2/input_16.json,witness,65537,1,2,42595592,1048,0,1,
gnark,circuit,groth16,bn254,exponentiate,input/circuit/exponentiate_2/input_16.json,witness,65537,1,2,41547016,1048,0,1,
gnark,circuit,groth16,bn254,exponentiate,input/circuit/exponentiate_2/input_16.json,witness,65537,1,2,41547016,1048,0,1,
gnark,circuit,groth16,bn254,exponentiate,input/circuit/exponentiate_2/input_16.json,witness,65537,1,2,42595592,1048,0,1,
gnark,circuit,groth16,bn254,exponentiate,input/circuit/exponentiate_2/input_16.json,witness,65537,1,2,41547016,1048,0,1,
gnark,circuit,groth16,bn254,exponentiate,input/circuit/exponentiate_2/input_16.json,witness,65537,1,2,41284872,1048,0,1,
gnark,circuit,groth16,bn254,exponentiate,input/circuit/exponentiate_2/input_16.json,witness,65537,1,2,41284872,1048,0,1,
gnark,circuit,groth16,bn254,exponentiate,input/circuit/exponentiate_2/input_16.json,witness,65537,1,2,41547016,1048,0,1,
gnark,circuit,groth16,bn254,exponentiate,input/circuit/exponentiate_2/input_16.json,prove,65537,1,2,209489192,82905,384,1,
gnark,circuit,groth16,bn254,exponentiate,input/circuit/exponentiate_2/input_16.json,prove,65537,1,2,239982904,83964,384,1,
gnark,circuit,groth16,bn254,exponentiate,input/circuit/exponentiate_2/input_16.json,prove,65537,1,2,213683496,81801,384,1,
gnark,circuit,groth16,bn254,exponentiate,input/circuit/exponentiate_2/input_16.json,prove,65537,1,2,245750072,85660,384,1,
gnark,circuit,groth16,bn254,exponentiate,input/circuit/exponentiate_2/input_16.json,prove,65537,1,2,218139944,83265,384,1,
gnark,circuit,groth16,bn254,exponentiate,input/circuit/exponentiate_2/input_16.json,prove,65537,1,2,231594296,83677,384,1,
gnark,circuit,groth16,bn254,exponentiate,input/circuit/exponentiate_2/input_16.json,prove,65537,1,2,227662136,82786,384,1,
gnark,circuit,groth16,bn254,exponentiate,input/circuit/exponentiate_2/input_16.json,prove,65537,1,2,243390776,84637,384,1,
gnark,circuit,groth16,bn254,exponentiate,input/circuit/exponentiate_2/input_16.json,prove,65537,1,2,213421352,82469,384,1,
gnark,circuit,groth16,bn254,exponentiate,input/circuit/exponentiate_2/input_16.json,prove,65537,1,2,217877800,82740,384,1,
gnark,circuit,groth16,bn254,exponentiate,input/circuit/exponentiate_2/input_16.json,verify,65537,1,2,213683496,1047,0,1,
gnark,circuit,groth16,bn254,exponentiate,input/circuit/exponentiate_2/input_16.json,verify,65537,1,2,209489192,1042,0,1,
gnark,circuit,groth16,bn254,exponentiate,input/circuit/exponentiate_2/input_16.json,verify,65537,1,2,210013480,1047,0,1,
gnark,circuit,groth16,bn254,exponentiate,input/circuit/exponentiate_2/input_16.json,verify,65537,1,2,213159208,813,0,1,
gnark,circuit,groth16,bn254,exponentiate,input/circuit/exponentiate_2/input_16.json,verify,65537,1,2,222334248,1052,0,1,
gnark,circuit,groth16,bn254,exponentiate,input/circuit/exponentiate_2/input_16.json,verify,65537,1,2,221809960,1071,0,1,
gnark,circuit,groth16,bn254,exponentiate,input/circuit/exponentiate_2/input_16.json,verify,65537,1,2,212897064,822,0,1,
gnark,circuit,groth16,bn254,exponentiate,input/circuit/exponentiate_2/input_16.json,verify,65537,1,2,213159208,1022,0,1,
gnark,circuit,groth16,bn254,exponentiate,input/circuit/exponentiate_2/input_16.json,verify,65537,1,2,213421352,785,0,1,
gnark,circuit,groth16,bn254,exponentiate,input/circuit/exponentiate_2/input_16.json,verify,65537,1,2,209227048,803,0,1,
gnark,circuit,groth16,bn254,exponentiate,input/circuit/exponentiate_2/input_17.json,compile,131073,1,2,67171592,98666,0,1,
gnark,circuit,groth16,bn254,exponentiate,input/circuit/exponentiate_2/input_17.json,compile,131073,1,2,71365896,94834,0,1,
gnark,circuit,groth16,bn254,exponentiate,input/circuit/exponentiate_2/input_17.json,compile,131073,1,2,67433736,98465,0,1,
gnark,circuit,groth16,bn254,exponentiate,input/circuit/exponentiate_2/input_17.json,compile,131073,1,2,64288008,95605,0,1,
gnark,circuit,groth16,bn254,exponentiate,input/circuit/exponentiate_2/input_17.json,compile,131073,1,2,68220168,94686,0,1,
gnark,circuit,groth16,bn254,exponentiate,input/circuit/exponentiate_2/input_17.json,compile,131073,1,2,63239432,95651,0,1,
gnark,circuit,groth16,bn254,exponentiate,input/circuit/exponentiate_2/input_17.json,compile,131073,1,2,67695880,96239,0,1,
gnark,circuit,groth16,bn254,exponentiate,input/circuit/exponentiate_2/input_17.json,compile,131073,1,2,66647304,95637,0,1,
gnark,circuit,groth16,bn254,exponentiate,input/circuit/exponentiate_2/input_17.json,compile,131073,1,2,66909448,95432,0,1,
gnark,circuit,groth16,bn254,exponentiate,input/circuit/exponentiate_2/input_17.json,compile,131073,1,2,67433736,93849,0,1,
gnark,circuit,groth16,bn254,exponentiate,input/circuit/exponentiate_2/input_17.json,setup,131073,1,2,302130504,2164473,0,1,
gnark,circuit,groth16,bn254,exponentiate,input/circuit/exponentiate_2/input_17.json,setup,131073,1,2,301606216,2160713,0,1,
gnark,circuit,groth16,bn254,exponentiate,input/circuit/exponentiate_2/input_17.json,setup,131073,1,2,302327112,2166662,0,1,
gnark,circuit,groth16,bn254,exponentiate,input/circuit/exponentiate_2/input_17.json,setup,131073,1,2,301344072,2159767,0,1,
gnark,circuit,groth16,bn254,exponentiate,input/circuit/exponentiate_2/input_17.json,setup,131073,1,2,307111240,2153995,0,1,
gnark,circuit,groth16,bn254,exponentiate,input/circuit/exponentiate_2/input_17.json,setup,131073,1,2,302392648,2154380,0,1,
gnark,circuit,groth16,bn254,exponentiate,input/circuit/exponentiate_2/input_17.json,setup,131073,1,2,301081928,2169603,0,1,
gnark,circuit,groth16,bn254,exponentiate,input/circuit/exponentiate_2/input_17.json,setup,131073,1,2,301606216,2161242,0,1,
gnark,circuit,groth16,bn254,exponentiate,input/circuit/exponentiate_2/input_17.json,setup,131073,1,2,300557640,2164744,0,1,
gnark,circuit,groth16,bn254,exponentiate,input/circuit/exponentiate_2/input_17.json,setup,131073,1,2,301868360,2170723,0,1,
gnark,circuit,groth16,bn254,exponentiate,input/circuit/exponentiate_2/input_17.json,witness,131073,1,2,66909448,1048,0,1,
gnark,circuit,groth16,bn254,exponentiate,input/circuit/exponentiate_2/input_17.json,witness,131073,1,2,67958024,1048,0,1,
gnark,circuit,groth16,bn254,exponentiate,input/circuit/exponentiate_2/input_17.json,witness,131073,1,2,67171592,1048,0,1,
gnark,circuit,groth16,bn254,exponentiate,input/circuit/exponentiate_2/input_17.json,witness,131073,1,2,66909448,1048,0,1,
gnark,circuit,groth16,bn254,exponentiate,input/circuit/exponentiate_2/input_17.json,witness,131073,1,2,68482312,1048,0,1,
gnark,circuit,groth16,bn254,exponentiate,input/circuit/exponentiate_2/input_17.json,witness,131073,1,2,68220168,1048,0,1,
gnark,circuit,groth16,bn254,exponentiate,input/circuit/exponentiate_2/input_17.json,witness,131073,1,2,66909448,1048,0,1,
gnark,circuit,groth16,bn254,exponentiate,input/circuit/exponentiate_2/input_17.json,witness,131073,1,2,71628040,1048,0,1,
gnark,circuit,groth16,bn254,exponentiate,input/circuit/exponentiate_2/input_17.json,witness,131073,1,2,67171592,1048,0,1,
gnark,circuit,groth16,bn254,exponentiate,input/circuit/exponentiate_2/input_17.json,witness,131073,1,2,67958024,1048,0,1,
gnark,circuit,groth16,bn254,exponentiate,input/circuit/exponentiate_2/input_17.json,prove,131073,1,2,435469672,156255,384,1,
gnark,circuit,groth16,bn254,exponentiate,input/circuit/exponentiate_2/input_17.json,prove,131073,1,2,376140120,157918,384,1,
gnark,circuit,groth16,bn254,exponentiate,input/circuit/exponentiate_2/input_17.json,prove,131073,1,2,375877976,155405,384,1,
gnark,circuit,groth16,bn254,exponentiate,input/circuit/exponentiate_2/input_17.json,prove,131073,1,2,375353688,155003,384,1,
gnark,circuit,groth16,bn254,exponentiate,input/circuit/exponentiate_2/input_17.json,prove,131073,1,2,376074584,156505,384,1,
gnark,circuit,groth16,bn254,exponentiate,input/circuit/exponentiate_2/input_17.json,prove,131073,1,2,370635096,156971,384,1,
gnark,circuit,groth16,bn254,exponentiate,input/circuit/exponentiate_2/input_17.json,prove,131073,1,2,372732248,157384,384,1,
gnark,circuit,groth16,bn254,exponentiate,input/circuit/exponentiate_2/input_17.json,prove,131073,1,2,371421528,154235,384,1,
gnark,circuit,groth16,bn254,exponentiate,input/circuit/exponentiate_2/input_17.json,prove,131073,1,2,375877976,156528,384,1,
gnark,circuit,groth16,bn254,exponentiate,input/circuit/exponentiate_2/input_17.json,prove,131073,1,2,371421528,156557,384,1,
gnark,circuit,groth16,bn254,exponentiate,input/circuit/exponentiate_2/input_17.json,verify,131073,1,2,371683672,791,0,1,
gnark,circuit,groth16,bn254,exponentiate,input/circuit/exponentiate_2/input_17.json,verify,131073,1,2,384528728,874,0,1,
gnark,circuit,groth16,bn254,exponentiate,input/circuit/exponentiate_2/input_17.json,verify,131073,1,2,375353688,806,0,1,
gnark,circuit,groth16,bn254,exponentiate,input/circuit/exponentiate_2/input_17.json,verify,131073,1,2,379547992,853,0,1,
gnark,circuit,groth16,bn254,exponentiate,input/circuit/exponentiate_2/input_17.json,verify,131073,1,2,392130904,1060,0,1,
gnark,circuit,groth16,bn254,exponentiate,input/circuit/exponentiate_2/input_17.json,verify,131073,1,2,379285848,892,0,1,
gnark,circuit,groth16,bn254,exponentiate,input/circuit/exponentiate_2/input_17.json,verify,131073,1,2,371159384,1055,0,1,
gnark,circuit,groth16,bn254,exponentiate,input/circuit/exponentiate_2/input_17.json,verify,131073,1,2,376140120,869,0,1,
gnark,circuit,groth16,bn254,exponentiate,input/circuit/exponentiate_2/input_17.json,verify,131073,1,2,375353688,807,0,1,
gnark,circuit,groth16,bn254,exponentiate,input/circuit/exponentiate_2/input_17.json,verify,131073,1,2,375091544,826,0,1,
gnark,circuit,groth16,bn254,exponentiate,input/circuit/exponentiate_2/input_18.json,compile,262145,1,2,110641432,189683,0,1,
gnark,circuit,groth16,bn254,exponentiate,input/circuit/exponentiate_2/input_18.json,compile,262145,1,2,98582808,188216,0,1,
gnark,circuit,groth16,bn254,exponentiate,input/circuit/exponentiate_2/input_18.json,compile,262145,1,2,97796376,184615,0,1,
gnark,circuit,groth16,bn254,exponentiate,input/circuit/exponentiate_2/input_18.json,compile,262145,1,2,110706968,182511,0,1,
gnark,circuit,groth16,bn254,exponentiate,input/circuit/exponentiate_2/input_18.json,compile,262145,1,2,110510360,182623,0,1,
gnark,circuit,groth16,bn254,exponentiate,input/circuit/exponentiate_2/input_18.json,compile,262145,1,2,111296792,180267,0,1,
gnark,circuit,groth16,bn254,exponentiate,input/circuit/exponentiate_2/input_18.json,compile,262145,1,2,112345368,181941,0,1,
gnark,circuit,groth16,bn254,exponentiate,input/circuit/exponentiate_2/input_18.json,compile,262145,1,2,98320664,188434,0,1,
gnark,circuit,groth16,bn254,exponentiate,input/circuit/exponentiate_2/input_18.json,compile,262145,1,2,110248216,182675,0,1,
gnark,circuit,groth16,bn254,exponentiate,input/circuit/exponentiate_2/input_18.json,compile,262145,1,2,107364632,183181,0,1,
gnark,circuit,groth16,bn254,exponentiate,input/circuit/exponentiate_2/input_18.json,setup,262145,1,2,560944520,4337569,0,1,
gnark,circuit,groth16,bn254,exponentiate,input/circuit/exponentiate_2/input_18.json,setup,262145,1,2,569333128,4293928,0,1,
gnark,circuit,groth16,bn254,exponentiate,input/circuit/exponentiate_2/input_18.json,setup,262145,1,2,557012360,4302811,0,1,
gnark,circuit,groth16,bn254,exponentiate,input/circuit/exponentiate_2/input_18.json,setup,262145,1,2,555439496,4295853,0,1,
gnark,circuit,groth16,bn254,exponentiate,input/circuit/exponentiate_2/input_18.json,setup,262145,1,2,556488072,4304924,0,1,
gnark,circuit,groth16,bn254,exponentiate,input/circuit/exponentiate_2/input_18.json,setup,262145,1,2,556488072,4297167,0,1,
gnark,circuit,groth16,bn254,exponentiate,input/circuit/exponentiate_2/input_18.json,setup,262145,1,2,569070984,4299058,0,1,
gnark,circuit,groth16,bn254,exponentiate,input/circuit/exponentiate_2/input_18.json,setup,262145,1,2,556225928,4299403,0,1,
gnark,circuit,groth16,bn254,exponentiate,input/circuit/exponentiate_2/input_18.json,setup,262145,1,2,569070984,4299382,0,1,
gnark,circuit,groth16,bn254,exponentiate,input/circuit/exponentiate_2/input_18.json,setup,262145,1,2,564614536,4289015,0,1,
gnark,circuit,groth16,bn254,exponentiate,input/circuit/exponentiate_2/input_18.json,witness,262145,1,2,115228952,1048,0,1,
gnark,circuit,groth16,bn254,exponentiate,input/circuit/exponentiate_2/input_18.json,witness,262145,1,2,111821080,1048,0,1,
gnark,circuit,groth16,bn254,exponentiate,input/circuit/exponentiate_2/input_18.json,witness,262145,1,2,111821080,1048,0,1,
gnark,circuit,groth16,bn254,exponentiate,input/circuit/exponentiate_2/input_18.json,witness,262145,1,2,111165720,1048,0,1,
gnark,circuit,groth16,bn254,exponentiate,input/circuit/exponentiate_2/input_18.json,witness,262145,1,2,116015384,1048,0,1,
gnark,circuit,groth16,bn254,exponentiate,input/circuit/exponentiate_2/input_18.json,witness,262145,1,2,111558936,1048,0,1,
gnark,circuit,groth16,bn254,exponentiate,input/circuit/exponentiate_2/input_18.json,witness,262145,1,2,111558936,1048,0,1,
gnark,circuit,groth16,bn254,exponentiate,input/circuit/exponentiate_2/input_18.json,witness,262145,1,2,107364632,1048,0,1,
gnark,circuit,groth16,bn254,exponentiate,input/circuit/exponentiate_2/input_18.json,witness,262145,1,2,110510360,1048,0,1,
gnark,circuit,groth16,bn254,exponentiate,input/circuit/exponentiate_2/input_18.json,witness,262145,1,2,112083224,1048,0,1,
gnark,circuit,groth16,bn254,exponentiate,input/circuit/exponentiate_2/input_18.json,prove,262145,1,2,703720872,305457,384,1,
gnark,circuit,groth16,bn254,exponentiate,input/circuit/exponentiate_2/input_18.json,prove,262145,1,2,707390888,290683,384,1,
gnark,circuit,groth16,bn254,exponentiate,input/circuit/exponentiate_2/input_18.json,prove,262145,1,2,702934440,298820,384,1,
gnark,circuit,groth16,bn254,exponentiate,input/circuit/exponentiate_2/input_18.json,prove,262145,1,2,881362376,310233,384,1,
gnark,circuit,groth16,bn254,exponentiate,input/circuit/exponentiate_2/input_18.json,prove,262145,1,2,703458728,296370,384,1,
gnark,circuit,groth16,bn254,exponentiate,input/circuit/exponentiate_2/input_18.json,prove,262145,1,2,702934440,290981,384,1,
gnark,circuit,groth16,bn254,exponentiate,input/circuit/exponentiate_2/input_18.json,prove,262145,1,2,703196584,297497,384,1,
gnark,circuit,groth16,bn254,exponentiate,input/circuit/exponentiate_2/input_18.json,prove,262145,1,2,707390888,300466,384,1,
gnark,circuit,groth16,bn254,exponentiate,input/circuit/exponentiate_2/input_18.json,prove,262145,1,2,703983016,307617,384,1,
gnark,circuit,groth16,bn254,exponentiate,input/circuit/exponentiate_2/input_18.json,prove,262145,1,2,704507304,288450,384,1,
gnark,circuit,groth16,bn254,exponentiate,input/circuit/exponentiate_2/input_18.json,verify,262145,1,2,707915176,781,0,1,
gnark,circuit,groth16,bn254,exponentiate,input/circuit/exponentiate_2/input_18.json,verify,262145,1,2,885491144,873,0,1,
gnark,circuit,groth16,bn254,exponentiate,input/circuit/exponentiate_2/input_18.json,verify,262145,1,2,707390888,813,0,1,
gnark,circuit,groth16,bn254,exponentiate,input/circuit/exponentiate_2/input_18.json,verify,262145,1,2,698392984,788,0,1,
gnark,circuit,groth16,bn254,exponentiate,input/circuit/exponentiate_2/input_18.json,verify,262145,1,2,704376232,781,0,1,
gnark,circuit,groth16,bn254,exponentiate,input/circuit/exponentiate_2/input_18.json,verify,262145,1,2,694854040,803,0,1,
gnark,circuit,groth16,bn254,exponentiate,input/circuit/exponentiate_2/input_18.json,verify,262145,1,2,942199256,820,0,1,
gnark,circuit,groth16,bn254,exponentiate,input/circuit/exponentiate_2/input_18.json,verify,262145,1,2,703983016,781,0,1,
gnark,circuit,groth16,bn254,exponentiate,input/circuit/exponentiate_2/input_18.json,verify,262145,1,2,698524056,796,0,1,
gnark,circuit,groth16,bn254,exponentiate,input/circuit/exponentiate_2/input_18.json,verify,262145,1,2,708439464,782,0,1,
gnark,circuit,groth16,bn254,exponentiate,input/circuit/exponentiate_2/input_19.json,compile,524289,1,2,171216168,373551,0,1,
gnark,circuit,groth16,bn254,exponentiate,input/circuit/exponentiate_2/input_19.json,compile,524289,1,2,159943976,369359,0,1,
gnark,circuit,groth16,bn254,exponentiate,input/circuit/exponentiate_2/input_19.json,compile,524289,1,2,189041960,378815,0,1,
gnark,circuit,groth16,bn254,exponentiate,input/circuit/exponentiate_2/input_19.json,compile,524289,1,2,159157544,367753,0,1,
gnark,circuit,groth16,bn254,exponentiate,input/circuit/exponentiate_2/input_19.json,compile,524289,1,2,154701096,365124,0,1,
gnark,circuit,groth16,bn254,exponentiate,input/circuit/exponentiate_2/input_19.json,compile,524289,1,2,189304104,367668,0,1,
gnark,circuit,groth16,bn254,exponentiate,input/circuit/exponentiate_2/input_19.json,compile,524289,1,2,164138280,371306,0,1,
gnark,circuit,groth16,bn254,exponentiate,input/circuit/exponentiate_2/input_19.json,compile,524289,1,2,167415080,364573,0,1,
gnark,circuit,groth16,bn254,exponentiate,input/circuit/exponentiate_2/input_19.json,compile,524289,1,2,168332584,372220,0,1,
gnark,circuit,groth16,bn254,exponentiate,input/circuit/exponentiate_2/input_19.json,compile,524289,1,2,193039656,368336,0,1,
gnark,circuit,groth16,bn254,exponentiate,input/circuit/exponentiate_2/input_19.json,setup,524289,1,2,1093757432,8571037,0,1,
gnark,circuit,groth16,bn254,exponentiate,input/circuit/exponentiate_2/input_19.json,setup,524289,1,2,1108804120,8559247,0,1,
gnark,circuit,groth16,bn254,exponentiate,input/circuit/exponentiate_2/input_19.json,setup,524289,1,2,1104151064,8589944,0,1,
gnark,circuit,groth16,bn254,exponentiate,input/circuit/exponentiate_2/input_19.json,setup,524289,1,2,1089825272,8574870,0,1,
gnark,circuit,groth16,bn254,exponentiate,input/circuit/exponentiate_2/input_19.json,setup,524289,1,2,1083638296,8533448,0,1,
gnark,circuit,groth16,bn254,exponentiate,input/circuit/exponentiate_2/input_19.json,setup,524289,1,2,1089825272,8598115,0,1,
gnark,circuit,groth16,bn254,exponentiate,input/circuit/exponentiate_2/input_19.json,setup,524289,1,2,1116996120,8555452,0,1,
gnark,circuit,groth16,bn254,exponentiate,input/circuit/exponentiate_2/input_19.json,setup,524289,1,2,1087898136,8569579,0,1,
gnark,circuit,groth16,bn254,exponentiate,input/circuit/exponentiate_2/input_19.json,setup,524289,1,2,1090021880,8570114,0,1,
gnark,circuit,groth16,bn254,exponentiate,input/circuit/exponentiate_2/input_19.json,setup,524289,1,2,1093233144,8593039,0,1,
gnark,circuit,groth16,bn254,exponentiate,input/circuit/exponentiate_2/input_19.json,witness,524289,1,2,172526888,1048,0,1,
gnark,circuit,groth16,bn254,exponentiate,input/circuit/exponentiate_2/input_19.json,witness,524289,1,2,164793640,1048,0,1,
gnark,circuit,groth16,bn254,exponentiate,input/circuit/exponentiate_2/input_19.json,witness,524289,1,2,167677224,1048,0,1,
gnark,circuit,groth16,bn254,exponentiate,input/circuit/exponentiate_2/input_19.json,witness,524289,1,2,145703192,1048,0,1,
gnark,circuit,groth16,bn254,exponentiate,input/circuit/exponentiate_2/input_19.json,witness,524289,1,2,176196904,1048,0,1,
gnark,circuit,groth16,bn254,exponentiate,input/circuit/exponentiate_2/input_19.json,witness,524289,1,2,167742760,1048,0,1,
gnark,circuit,groth16,bn254,exponentiate,input/circuit/exponentiate_2/input_19.json,witness,524289,1,2,175934760,1048,0,1,
gnark,circuit,groth16,bn254,exponentiate,input/circuit/exponentiate_2/input_19.json,witness,524289,1,2,180915496,1048,0,1,
gnark,circuit,groth16,bn254,exponentiate,input/circuit/exponentiate_2/input_19.json,witness,524289,1,2,180129064,1048,0,1,
gnark,circuit,groth16,bn254,exponentiate,input/circuit/exponentiate_2/input_19.json,witness,524289,1,2,167152936,1048,0,1,
gnark,circuit,groth16,bn254,exponentiate,input/circuit/exponentiate_2/input_19.json,prove,524289,1,2,1376688696,510678,384,1,
gnark,circuit,groth16,bn254,exponentiate,input/circuit/exponentiate_2/input_19.json,prove,524289,1,2,1653262968,513442,384,1,
gnark,circuit,groth16,bn254,exponentiate,input/circuit/exponentiate_2/input_19.json,prove,524289,1,2,1366923832,519387,384,1,
gnark,circuit,groth16,bn254,exponentiate,input/circuit/exponentiate_2/input_19.json,prove,524289,1,2,1363778104,520842,384,1,
gnark,circuit,groth16,bn254,exponentiate,input/circuit/exponentiate_2/input_19.json,prove,524289,1,2,1370135096,496839,384,1,
gnark,circuit,groth16,bn254,exponentiate,input/circuit/exponentiate_2/input_19.json,prove,524289,1,2,1368300088,526308,384,1,
gnark,circuit,groth16,bn254,exponentiate,input/circuit/exponentiate_2/input_19.json,prove,524289,1,2,1364826680,520367,384,1,
gnark,circuit,groth16,bn254,exponentiate,input/circuit/exponentiate_2/input_19.json,prove,524289,1,2,1363319352,515408,384,1,
gnark,circuit,groth16,bn254,exponentiate,input/circuit/exponentiate_2/input_19.json,prove,524289,1,2,1599326840,545949,384,1,
gnark,circuit,groth16,bn254,exponentiate,input/circuit/exponentiate_2/input_19.json,prove,524289,1,2,1363581496,521073,384,1,
gnark,circuit,groth16,bn254,exponentiate,input/circuit/exponentiate_2/input_19.json,verify,524289,1,2,1368824376,789,0,1,
gnark,circuit,groth16,bn254,exponentiate,input/circuit/exponentiate_2/input_19.json,verify,524289,1,2,1726374552,895,0,1,
gnark,circuit,groth16,bn254,exponentiate,input/circuit/exponentiate_2/input_19.json,verify,524289,1,2,1365154360,775,0,1,
gnark,circuit,groth16,bn254,exponentiate,input/circuit/exponentiate_2/input_19.json,verify,524289,1,2,1364892216,859,0,1,
gnark,circuit,groth16,bn254,exponentiate,input/circuit/exponentiate_2/input_19.json,verify,524289,1,2,1373280824,807,0,1,
gnark,circuit,groth16,bn254,exponentiate,input/circuit/exponentiate_2/input_19.json,verify,524289,1,2,1735942808,862,0,1,
gnark,circuit,groth16,bn254,exponentiate,input/circuit/exponentiate_2/input_19.json,verify,524289,1,2,1368562232,794,0,1,
gnark,circuit,groth16,bn254,exponentiate,input/circuit/exponentiate_2/input_19.json,verify,524289,1,2,1368824376,779,0,1,
gnark,circuit,groth16,bn254,exponentiate,input/circuit/exponentiate_2/input_19.json,verify,524289,1,2,1364630072,786,0,1,
gnark,circuit,groth16,bn254,exponentiate,input/circuit/exponentiate_2/input_19.json,verify,524289,1,2,1364630072,780,0,1,
gnark,circuit,groth16,bn254,exponentiate,input/circuit/exponentiate_2/input_20.json,compile,1048577,1,2,310486344,710348,0,1,
gnark,circuit,groth16,bn254,exponentiate,input/circuit/exponentiate_2/input_20.json,compile,1048577,1,2,336045384,738851,0,1,
gnark,circuit,groth16,bn254,exponentiate,input/circuit/exponentiate_2/input_20.json,compile,1048577,1,2,340239688,737918,0,1,
gnark,circuit,groth16,bn254,exponentiate,input/circuit/exponentiate_2/input_20.json,compile,1048577,1,2,322217288,730707,0,1,
gnark,circuit,groth16,bn254,exponentiate,input/circuit/exponentiate_2/input_20.json,compile,1048577,1,2,322413896,743460,0,1,
gnark,circuit,groth16,bn254,exponentiate,input/circuit/exponentiate_2/input_20.json,compile,1048577,1,2,326804808,725230,0,1,
gnark,circuit,groth16,bn254,exponentiate,input/circuit/exponentiate_2/input_20.json,compile,1048577,1,2,330409288,726218,0,1,
gnark,circuit,groth16,bn254,exponentiate,input/circuit/exponentiate_2/input_20.json,compile,1048577,1,2,310158664,724606,0,1,
gnark,circuit,groth16,bn254,exponentiate,input/circuit/exponentiate_2/input_20.json,compile,1048577,1,2,366539096,723540,0,1,
gnark,circuit,groth16,bn254,exponentiate,input/circuit/exponentiate_2/input_20.json,compile,1048577,1,2,326804808,709580,0,1,
gnark,circuit,groth16,bn254,exponentiate,input/circuit/exponentiate_2/input_20.json,setup,1048577,1,2,2147762968,17157551,0,1,
gnark,circuit,groth16,bn254,exponentiate,input/circuit/exponentiate_2/input_20.json,setup,1048577,1,2,2177385240,17154981,0,1,
gnark,circuit,groth16,bn254,exponentiate,input/circuit/exponentiate_2/input_20.json,setup,1048577,1,2,2162489096,17131792,0,1,
gnark,circuit,groth16,bn254,exponentiate,input/circuit/exponentiate_2/input_20.json,setup,1048577,1,2,2145927960,17121456,0,1,
gnark,circuit,groth16,bn254,exponentiate,input/circuit/exponentiate_2/input_20.json,setup,1048577,1,2,2154906392,17075082,0,1,
gnark,circuit,groth16,bn254,exponentiate,input/circuit/exponentiate_2/input_20.json,setup,1048577,1,2,2168210200,17062687,0,1,
gnark,circuit,groth16,bn254,exponentiate,input/circuit/exponentiate_2/input_20.json,setup,1048577,1,2,2152088344,17137349,0,1,
gnark,circuit,groth16,bn254,exponentiate,input/circuit/exponentiate_2/input_20.json,setup,1048577,1,2,2152612632,17053674,0,1,
gnark,circuit,groth16,bn254,exponentiate,input/circuit/exponentiate_2/input_20.json,setup,1048577,1,2,2194227992,17095800,0,1,
gnark,circuit,groth16,bn254,exponentiate,input/circuit/exponentiate_2/input_20.json,setup,1048577,1,2,2190295832,17109801,0,1,
gnark,circuit,groth16,bn254,exponentiate,input/circuit/exponentiate_2/input_20.json,witness,1048577,1,2,313894216,1048,0,1,
gnark,circuit,groth16,bn254,exponentiate,input/circuit/exponentiate_2/input_20.json,witness,1048577,1,2,301770056,1048,0,1,
gnark,circuit,groth16,bn254,exponentiate,input/circuit/exponentiate_2/input_20.json,witness,1048577,1,2,344171848,1048,0,1,
gnark,circuit,groth16,bn254,exponentiate,input/circuit/exponentiate_2/input_20.json,witness,1048577,1,2,310289736,1048,0,1,
gnark,circuit,groth16,bn254,exponentiate,input/circuit/exponentiate_2/input_20.json,witness,1048577,1,2,313959752,1048,0,1,
gnark,circuit,groth16,bn254,exponentiate,input/circuit/exponentiate_2/input_20.json,witness,1048577,1,2,339977544,1048,0,1,
gnark,circuit,groth16,bn254,exponentiate,input/circuit/exponentiate_2/input_20.json,witness,1048577,1,2,314746184,1048,0,1,
gnark,circuit,groth16,bn254,exponentiate,input/circuit/exponentiate_2/input_20.json,witness,1048577,1,2,339191112,1048,0,1,
gnark,circuit,groth16,bn254,exponentiate,input/circuit/exponentiate_2/input_20.json,witness,1048577,1,2,305571144,1048,0,1,
gnark,circuit,groth16,bn254,exponentiate,input/circuit/exponentiate_2/input_20.json,witness,1048577,1,2,298820936,1048,0,1,
gnark,circuit,groth16,bn254,exponentiate,input/circuit/exponentiate_2/input_20.json,prove,1048577,1,2,2706709368,962708,384,1,
gnark,circuit,groth16,bn254,exponentiate,input/circuit/exponentiate_2/input_20.json,prove,1048577,1,2,2705660792,993514,384,1,
gnark,circuit,groth16,bn254,exponentiate,input/circuit/exponentiate_2/input_20.json,prove,1048577,1,2,3071317960,995060,384,1,
gnark,circuit,groth16,bn254,exponentiate,input/circuit/exponentiate_2/input_20.json,prove,1048577,1,2,2705922936,995557,384,1,
gnark,circuit,groth16,bn254,exponentiate,input/circuit/exponentiate_2/input_20.json,prove,1048577,1,2,2684951416,979087,384,1,
gnark,circuit,groth16,bn254,exponentiate,input/circuit/exponentiate_2/input_20.json,prove,1048577,1,2,2670645096,968314,384,1,
gnark,circuit,groth16,bn254,exponentiate,input/circuit/exponentiate_2/input_20.json,prove,1048577,1,2,3064174536,969602,384,1,
gnark,circuit,groth16,bn254,exponentiate,input/circuit/exponentiate_2/input_20.json,prove,1048577,1,2,2700942200,987664,384,1,
gnark,circuit,groth16,bn254,exponentiate,input/circuit/exponentiate_2/input_20.json,prove,1048577,1,2,2694519672,969109,384,1,
gnark,circuit,groth16,bn254,exponentiate,input/circuit/exponentiate_2/input_20.json,prove,1048577,1,2,2710641528,986920,384,1,
gnark,circuit,groth16,bn254,exponentiate,input/circuit/exponentiate_2/input_20.json,verify,1048577,1,2,2689604472,861,0,1,
gnark,circuit,groth16,bn254,exponentiate,input/circuit/exponentiate_2/input_20.json,verify,1048577,1,2,2709855096,805,0,1,
gnark,circuit,groth16,bn254,exponentiate,input/circuit/exponentiate_2/input_20.json,verify,1048577,1,2,3135235032,778,0,1,
gnark,circuit,groth16,bn254,exponentiate,input/circuit/exponentiate_2/input_20.json,verify,1048577,1,2,3165663208,852,0,1,
gnark,circuit,groth16,bn254,exponentiate,input/circuit/exponentiate_2/input_20.json,verify,1048577,1,2,2689604472,848,0,1,
gnark,circuit,groth16,bn254,exponentiate,input/circuit/exponentiate_2/input_20.json,verify,1048577,1,2,2688031608,801,0,1,
gnark,circuit,groth16,bn254,exponentiate,input/circuit/exponentiate_2/input_20.json,verify,1048577,1,2,2696485752,777,0,1,
gnark,circuit,groth16,bn254,exponentiate,input/circuit/exponentiate_2/input_20.json,verify,1048577,1,2,2705136504,797,0,1,
gnark,circuit,groth16,bn254,exponentiate,input/circuit/exponentiate_2/input_20.json,verify,1048577,1,2,3199676392,778,0,1,
gnark,circuit,groth16,bn254,exponentiate,input/circuit/exponentiate_2/input_20.json,verify,1048577,1,2,3062929352,794,0,1,
gnark,circuit,groth16,bls12_381,exponentiate,input/circuit/exponentiate_2/input_10.json,compile,1025,1,2,17822984,1048,0,1,
gnark,circuit,groth16,bls12_381,exponentiate,input/circuit/exponentiate_2/input_10.json,compile,1025,1,2,17822984,1048,0,1,
gnark,circuit,groth16,bls12_381,exponentiate,input/circuit/exponentiate_2/input_10.json,compile,1025,1,2,17560840,1048,0,1,
gnark,circuit,groth16,bls12_381,exponentiate,input/circuit/exponentiate_2/input_10.json,compile,1025,1,2,17560840,1048,0,1,
gnark,circuit,groth16,bls12_381,exponentiate,input/circuit/exponentiate_2/input_10.json,compile,1025,1,2,17560840,1048,0,1,
gnark,circuit,groth16,bls12_381,exponentiate,input/circuit/exponentiate_2/input_10.json,compile,1025,1,2,17822984,1048,0,1,
gnark,circuit,groth16,bls12_381,exponentiate,input/circuit/exponentiate_2/input_10.json,compile,1025,1,2,17822984,1048,0,1,
gnark,circuit,groth16,bls12_381,exponentiate,input/circuit/exponentiate_2/input_10.json,compile,1025,1,2,17822984,1048,0,1,
gnark,circuit,groth16,bls12_381,exponentiate,input/circuit/exponentiate_2/input_10.json,compile,1025,1,2,17560840,1048,0,1,
gnark,circuit,groth16,bls12_381,exponentiate,input/circuit/exponentiate_2/input_10.json,compile,1025,1,2,17822984,1048,0,1,
gnark,circuit,groth16,bls12_381,exponentiate,input/circuit/exponentiate_2/input_10.json,setup,1025,1,2,51246344,66094,0,1,
gnark,circuit,groth16,bls12_381,exponentiate,input/circuit/exponentiate_2/input_10.json,setup,1025,1,2,51246344,65647,0,1,
gnark,circuit,groth16,bls12_381,exponentiate,input/circuit/exponentiate_2/input_10.json,setup,1025,1,2,51770632,65557,0,1,
gnark,circuit,groth16,bls12_381,exponentiate,input/circuit/exponentiate_2/input_10.json,setup,1025,1,2,51246344,67460,0,1,
gnark,circuit,groth16,bls12_381,exponentiate,input/circuit/exponentiate_2/input_10.json,setup,1025,1,2,51246344,65552,0,1,
gnark,circuit,groth16,bls12_381,exponentiate,input/circuit/exponentiate_2/input_10.json,setup,1025,1,2,51508488,65826,0,1,
gnark,circuit,groth16,bls12_381,exponentiate,input/circuit/exponentiate_2/input_10.json,setup,1025,1,2,51508488,68234,0,1,
gnark,circuit,groth16,bls12_381,exponentiate,input/circuit/exponentiate_2/input_10.json,setup,1025,1,2,51311880,65935,0,1,
gnark,circuit,groth16,bls12_381,exponentiate,input/circuit/exponentiate_2/input_10.json,setup,1025,1,2,50984200,65047,0,1,
gnark,circuit,groth16,bls12_381,exponentiate,input/circuit/exponentiate_2/input_10.json,setup,1025,1,2,51311880,65457,0,1,
gnark,circuit,groth16,bls12_381,exponentiate,input/circuit/exponentiate_2/input_10.json,witness,1025,1,2,17560840,1048,0,1,
gnark,circuit,groth16,bls12_381,exponentiate,input/circuit/exponentiate_2/input_10.json,witness,1025,1,2,17822984,1048,0,1,
gnark,circuit,groth16,bls12_381,exponentiate,input/circuit/exponentiate_2/input_10.json,witness,1025,1,2,17560840,1048,0,1,
gnark,circuit,groth16,bls12_381,exponentiate,input/circuit/exponentiate_2/input_10.json,witness,1025,1,2,17822984,1048,0,1,
gnark,circuit,groth16,bls12_381,exponentiate,input/circuit/exponentiate_2/input_10.json,witness,1025,1,2,17822984,1048,0,1,
gnark,circuit,groth16,bls12_381,exponentiate,input/circuit/exponentiate_2/input_10.json,witness,1025,1,2,17822984,1048,0,1,
gnark,circuit,groth16,bls12_381,exponentiate,input/circuit/exponentiate_2/input_10.json,witness,1025,1,2,17560840,1048,0,1,
gnark,circuit,groth16,bls12_381,exponentiate,input/circuit/exponentiate_2/input_10.json,witness,1025,1,2,17822984,1048,0,1,
gnark,circuit,groth16,bls12_381,exponentiate,input/circuit/exponentiate_2/input_10.json,witness,1025,1,2,17560840,1048,0,1,
gnark,circuit,groth16,bls12_381,exponentiate,input/circuit/exponentiate_2/input_10.json,witness,1025,1,2,17560840,1048,0,1,
gnark,circuit,groth16,bls12_381,exponentiate,input/circuit/exponentiate_2/input_10.json,prove,1025,1,2,52098312,4712,576,1,
gnark,circuit,groth16,bls12_381,exponentiate,input/circuit/exponentiate_2/input_10.json,prove,1025,1,2,52098312,5009,576,1,
gnark,circuit,groth16,bls12_381,exponentiate,input/circuit/exponentiate_2/input_10.json,prove,1025,1,2,51508488,4604,576,1,
gnark,circuit,groth16,bls12_381,exponentiate,input/circuit/exponentiate_2/input_10.json,prove,1025,1,2,51508488,4780,576,1,
gnark,circuit,groth16,bls12_381,exponentiate,input/circuit/exponentiate_2/input_10.json,prove,1025,1,2,51508488,4896,576,1,
gnark,circuit,groth16,bls12_381,exponentiate,input/circuit/exponentiate_2/input_10.json,prove,1025,1,2,51574024,4963,576,1,
gnark,circuit,groth16,bls12_381,exponentiate,input/circuit/exponentiate_2/input_10.json,prove,1025,1,2,52032776,4920,576,1,
gnark,circuit,groth16,bls12_381,exponentiate,input/circuit/exponentiate_2/input_10.json,prove,1025,1,2,51508488,4759,576,1,
gnark,circuit,groth16,bls12_381,exponentiate,input/circuit/exponentiate_2/input_10.json,prove,1025,1,2,52032776,4962,576,1,
gnark,circuit,groth16,bls12_381,exponentiate,input/circuit/exponentiate_2/input_10.json,prove,1025,1,2,52032776,4973,576,1,
gnark,circuit,groth16,bls12_381,exponentiate,input/circuit/exponentiate_2/input_10.json,verify,1025,1,2,52032776,1347,0,1,
gnark,circuit,groth16,bls12_381,exponentiate,input/circuit/exponentiate_2/input_10.json,verify,1025,1,2,52294920,1296,0,1,
gnark,circuit,groth16,bls12_381,exponentiate,input/circuit/exponentiate_2/input_10.json,verify,1025,1,2,51836168,1317,0,1,
gnark,circuit,groth16,bls12_381,exponentiate,input/circuit/exponentiate_2/input_10.json,verify,1025,1,2,51770632,1304,0,1,
gnark,circuit,groth16,bls12_381,exponentiate,input/circuit/exponentiate_2/input_10.json,verify,1025,1,2,51836168,1281,0,1,
gnark,circuit,groth16,bls12_381,exponentiate,input/circuit/exponentiate_2/input_10.json,verify,1025,1,2,52098312,1291,0,1,
gnark,circuit,groth16,bls12_381,exponentiate,input/circuit/exponentiate_2/input_10.json,verify,1025,1,2,51246344,1686,0,1,
gnark,circuit,groth16,bls12_381,exponentiate,input/circuit/exponentiate_2/input_10.json,verify,1025,1,2,51508488,1671,0,1,
gnark,circuit,groth16,bls12_381,exponentiate,input/circuit/exponentiate_2/input_10.json,verify,1025,1,2,51770632,1327,0,1,
gnark,circuit,groth16,bls12_381,exponentiate,input/circuit/exponentiate_2/input_10.json,verify,1025,1,2,52032776,1290,0,1,
gnark,circuit,groth16,bls12_381,exponentiate,input/circuit/exponentiate_2/input_11.json,compile,2049,1,2,18412808,2996,0,1,
gnark,circuit,groth16,bls12_381,exponentiate,input/circuit/exponentiate_2/input_11.json,compile,2049,1,2,18674952,3091,0,1,
gnark,circuit,groth16,bls12_381,exponentiate,input/circuit/exponentiate_2/input_11.json,compile,2049,1,2,18674952,3034,0,1,
gnark,circuit,groth16,bls12_381,exponentiate,input/circuit/exponentiate_2/input_11.json,compile,2049,1,2,18674952,3053,0,1,
gnark,circuit,groth16,bls12_381,exponentiate,input/circuit/exponentiate_2/input_11.json,compile,2049,1,2,18674952,3016,0,1,
gnark,circuit,groth16,bls12_381,exponentiate,input/circuit/exponentiate_2/input_11.json,compile,2049,1,2,18674952,3059,0,1,
gnark,circuit,groth16,bls12_381,exponentiate,input/circuit/exponentiate_2/input_11.json,compile,2049,1,2,18150664,3036,0,1,
gnark,circuit,groth16,bls12_381,exponentiate,input/circuit/exponentiate_2/input_11.json,compile,2049,1,2,18412808,3047,0,1,
gnark,circuit,groth16,bls12_381,exponentiate,input/circuit/exponentiate_2/input_11.json,compile,2049,1,2,18674952,3026,0,1,
gnark,circuit,groth16,bls12_381,exponentiate,input/circuit/exponentiate_2/input_11.json,compile,2049,1,2,18674952,3013,0,1,
gnark,circuit,groth16,bls12_381,exponentiate,input/circuit/exponentiate_2/input_11.json,setup,2049,1,2,63829256,131081,0,1,
gnark,circuit,groth16,bls12_381,exponentiate,input/circuit/exponentiate_2/input_11.json,setup,2049,1,2,63829256,130929,0,1,
gnark,circuit,groth16,bls12_381,exponentiate,input/circuit/exponentiate_2/input_11.json,setup,2049,1,2,63829256,130837,0,1,
gnark,circuit,groth16,bls12_381,exponentiate,input/circuit/exponentiate_2/input_11.json,setup,2049,1,2,64615688,131022,0,1,
gnark,circuit,groth16,bls12_381,exponentiate,input/circuit/exponentiate_2/input_11.json,setup,2049,1,2,64091400,131380,0,1,
gnark,circuit,groth16,bls12_381,exponentiate,input/circuit/exponentiate_2/input_11.json,setup,2049,1,2,64091400,130963,0,1,
gnark,circuit,groth16,bls12_381,exponentiate,input/circuit/exponentiate_2/input_11.json,setup,2049,1,2,64091400,130764,0,1,
gnark,circuit,groth16,bls12_381,exponentiate,input/circuit/exponentiate_2/input_11.json,setup,2049,1,2,63829256,131310,0,1,
gnark,circuit,groth16,bls12_381,exponentiate,input/circuit/exponentiate_2/input_11.json,setup,2049,1,2,64353544,130866,0,1,
gnark,circuit,groth16,bls12_381,exponentiate,input/circuit/exponentiate_2/input_11.json,setup,2049,1,2,63567112,130806,0,1,
gnark,circuit,groth16,bls12_381,exponentiate,input/circuit/exponentiate_2/input_11.json,witness,2049,1,2,18674952,1048,0,1,
gnark,circuit,groth16,bls12_381,exponentiate,input/circuit/exponentiate_2/input_11.json,witness,2049,1,2,18150664,1048,0,1,
gnark,circuit,groth16,bls12_381,exponentiate,input/circuit/exponentiate_2/input_11.json,witness,2049,1,2,18937096,1048,0,1,
gnark,circuit,groth16,bls12_381,exponentiate,input/circuit/exponentiate_2/input_11.json,witness,2049,1,2,18937096,1048,0,1,
gnark,circuit,groth16,bls12_381,exponentiate,input/circuit/exponentiate_2/input_11.json,witness,2049,1,2,18674952,1048,0,1,
gnark,circuit,groth16,bls12_381,exponentiate,input/circuit/exponentiate_2/input_11.json,witness,2049,1,2,18937096,1048,0,1,
gnark,circuit,groth16,bls12_381,exponentiate,input/circuit/exponentiate_2/input_11.json,witness,2049,1,2,18412808,1048,0,1,
gnark,circuit,groth16,bls12_381,exponentiate,input/circuit/exponentiate_2/input_11.json,witness,2049,1,2,18412808,1048,0,1,
gnark,circuit,groth16,bls12_381,exponentiate,input/circuit/exponentiate_2/input_11.json,witness,2049,1,2,18412808,1048,0,1,
gnark,circuit,groth16,bls12_381,exponentiate,input/circuit/exponentiate_2/input_11.json,witness,2049,1,2,18412808,1048,0,1,
gnark,circuit,groth16,bls12_381,exponentiate,input/circuit/exponentiate_2/input_11.json,prove,2049,1,2,64091400,7191,576,1,
gnark,circuit,groth16,bls12_381,exponentiate,input/circuit/exponentiate_2/input_11.json,prove,2049,1,2,65139976,7159,576,1,
gnark,circuit,groth16,bls12_381,exponentiate,input/circuit/exponentiate_2/input_11.json,prove,2049,1,2,68285704,6988,576,1,
gnark,circuit,groth16,bls12_381,exponentiate,input/circuit/exponentiate_2/input_11.json,prove,2049,1,2,64091400,7144,576,1,
gnark,circuit,groth16,bls12_381,exponentiate,input/circuit/exponentiate_2/input_11.json,prove,2049,1,2,66450696,6361,576,1,
gnark,circuit,groth16,bls12_381,exponentiate,input/circuit/exponentiate_2/input_11.json,prove,2049,1,2,64353544,6841,576,1,
gnark,circuit,groth16,bls12_381,exponentiate,input/circuit/exponentiate_2/input_11.json,prove,2049,1,2,65139976,6422,576,1,
gnark,circuit,groth16,bls12_381,exponentiate,input/circuit/exponentiate_2/input_11.json,prove,2049,1,2,64615688,6582,576,1,
gnark,circuit,groth16,bls12_381,exponentiate,input/circuit/exponentiate_2/input_11.json,prove,2049,1,2,64615688,6513,576,1,
gnark,circuit,groth16,bls12_381,exponentiate,input/circuit/exponentiate_2/input_11.json,prove,2049,1,2,64877832,7064,576,1,
gnark,circuit,groth16,bls12_381,exponentiate,input/circuit/exponentiate_2/input_11.json,verify,2049,1,2,64091400,1326,0,1,
gnark,circuit,groth16,bls12_381,exponentiate,input/circuit/exponentiate_2/input_11.json,verify,2049,1,2,64615688,1309,0,1,
gnark,circuit,groth16,bls12_381,exponentiate,input/circuit/exponentiate_2/input_11.json,verify,2049,1,2,65139976,1286,0,1,
gnark,circuit,groth16,bls12_381,exponentiate,input/circuit/exponentiate_2/input_11.json,verify,2049,1,2,65205512,1359,0,1,
gnark,circuit,groth16,bls12_381,exponentiate,input/circuit/exponentiate_2/input_11.json,verify,2049,1,2,64353544,1295,0,1,
gnark,circuit,groth16,bls12_381,exponentiate,input/circuit/exponentiate_2/input_11.json,verify,2049,1,2,64615688,1324,0,1,
gnark,circuit,groth16,bls12_381,exponentiate,input/circuit/exponentiate_2/input_11.json,verify,2049,1,2,65139976,1283,0,1,
gnark,circuit,groth16,bls12_381,exponentiate,input/circuit/exponentiate_2/input_11.json,verify,2049,1,2,64353544,1309,0,1,
gnark,circuit,groth16,bls12_381,exponentiate,input/circuit/exponentiate_2/input_11.json,verify,2049,1,2,64353544,1335,0,1,
gnark,circuit,groth16,bls12_381,exponentiate,input/circuit/exponentiate_2/input_11.json,verify,2049,1,2,64353544,1348,0,1,
gnark,circuit,groth16,bls12_381,exponentiate,input/circuit/exponentiate_2/input_12.json,compile,4097,1,2,18412808,4304,0,1,
gnark,circuit,groth16,bls12_381,exponentiate,input/circuit/exponentiate_2/input_12.json,compile,4097,1,2,18150664,4286,0,1,
gnark,circuit,groth16,bls12_381,exponentiate,input/circuit/exponentiate_2/input_12.json,compile,4097,1,2,18674952,4401,0,1,
gnark,circuit,groth16,bls12_381,exponentiate,input/circuit/exponentiate_2/input_12.json,compile,4097,1,2,18412808,4175,0,1,
gnark,circuit,groth16,bls12_381,exponentiate,input/circuit/exponentiate_2/input_12.json,compile,4097,1,2,18674952,4231,0,1,
gnark,circuit,groth16,bls12_381,exponentiate,input/circuit/exponentiate_2/input_12.json,compile,4097,1,2,18150664,4228,0,1,
gnark,circuit,groth16,bls12_381,exponentiate,input/circuit/exponentiate_2/input_12.json,compile,4097,1,2,18412808,4298,0,1,
gnark,circuit,groth16,bls12_381,exponentiate,input/circuit/exponentiate_2/input_12.json,compile,4097,1,2,18412808,4209,0,1,
gnark,circuit,groth16,bls12_381,exponentiate,input/circuit/exponentiate_2/input_12.json,compile,4097,1,2,18150664,4184,0,1,
gnark,circuit,groth16,bls12_381,exponentiate,input/circuit/exponentiate_2/input_12.json,compile,4097,1,2,18412808,4203,0,1,
gnark,circuit,groth16,bls12_381,exponentiate,input/circuit/exponentiate_2/input_12.json,setup,4097,1,2,68547848,190462,0,1,
gnark,circuit,groth16,bls12_381,exponentiate,input/circuit/exponentiate_2/input_12.json,setup,4097,1,2,68285704,190684,0,1,
gnark,circuit,groth16,bls12_381,exponentiate,input/circuit/exponentiate_2/input_12.json,setup,4097,1,2,68547848,189056,0,1,
gnark,circuit,groth16,bls12_381,exponentiate,input/circuit/exponentiate_2/input_12.json,setup,4097,1,2,68089096,189117,0,1,
gnark,circuit,groth16,bls12_381,exponentiate,input/circuit/exponentiate_2/input_12.json,setup,4097,1,2,68023560,190553,0,1,
gnark,circuit,groth16,bls12_381,exponentiate,input/circuit/exponentiate_2/input_12.json,setup,4097,1,2,68285704,189358,0,1,
gnark,circuit,groth16,bls12_381,exponentiate,input/circuit/exponentiate_2/input_12.json,setup,4097,1,2,67761416,191085,0,1,
gnark,circuit,groth16,bls12_381,exponentiate,input/circuit/exponentiate_2/input_12.json,setup,4097,1,2,68023560,191163,0,1,
gnark,circuit,groth16,bls12_381,exponentiate,input/circuit/exponentiate_2/input_12.json,setup,4097,1,2,67761416,190068,0,1,
gnark,circuit,groth16,bls12_381,exponentiate,input/circuit/exponentiate_2/input_12.json,setup,4097,1,2,68351240,189853,0,1,
gnark,circuit,groth16,bls12_381,exponentiate,input/circuit/exponentiate_2/input_12.json,witness,4097,1,2,18674952,1048,0,1,
gnark,circuit,groth16,bls12_381,exponentiate,input/circuit/exponentiate_2/input_12.json,witness,4097,1,2,18412808,1048,0,1,
gnark,circuit,groth16,bls12_381,exponentiate,input/circuit/exponentiate_2/input_12.json,witness,4097,1,2,18412808,1048,0,1,
gnark,circuit,groth16,bls12_381,exponentiate,input/circuit/exponentiate_2/input_12.json,witness,4097,1,2,18674952,1048,0,1,
gnark,circuit,groth16,bls12_381,exponentiate,input/circuit/exponentiate_2/input_12.json,witness,4097,1,2,18674952,1048,0,1,
gnark,circuit,groth16,bls12_381,exponentiate,input/circuit/exponentiate_2/input_12.json,witness,4097,1,2,18412808,1048,0,1,
gnark,circuit,groth16,bls12_381,exponentiate,input/circuit/exponentiate_2/input_12.json,witness,4097,1,2,18674952,1048,0,1,
gnark,circuit,groth16,bls12_381,exponentiate,input/circuit/exponentiate_2/input_12.json,witness,4097,1,2,18674952,1048,0,1,
gnark,circuit,groth16,bls12_381,exponentiate,input/circuit/exponentiate_2/input_12.json,witness,4097,1,2,18674952,1048,0,1,
gnark,circuit,groth16,bls12_381,exponentiate,input/circuit/exponentiate_2/input_12.json,witness,4097,1,2,18674952,1048,0,1,
gnark,circuit,groth16,bls12_381,exponentiate,input/circuit/exponentiate_2/input_12.json,prove,4097,1,2,68809992,10300,576,1,
gnark,circuit,groth16,bls12_381,exponentiate,input/circuit/exponentiate_2/input_12.json,prove,4097,1,2,69072136,9846,576,1,
gnark,circuit,groth16,bls12_381,exponentiate,input/circuit/exponentiate_2/input_12.json,prove,4097,1,2,69072136,9945,576,1,
gnark,circuit,groth16,bls12_381,exponentiate,input/circuit/exponentiate_2/input_12.json,prove,4097,1,2,68285704,9932,576,1,
gnark,circuit,groth16,bls12_381,exponentiate,input/circuit/exponentiate_2/input_12.json,prove,4097,1,2,68547848,9915,576,1,
gnark,circuit,groth16,bls12_381,exponentiate,input/circuit/exponentiate_2/input_12.json,prove,4097,1,2,68809992,9840,576,1,
gnark,circuit,groth16,bls12_381,exponentiate,input/circuit/exponentiate_2/input_12.json,prove,4097,1,2,69072136,9880,576,1,
gnark,circuit,groth16,bls12_381,exponentiate,input/circuit/exponentiate_2/input_12.json,prove,4097,1,2,68547848,10217,576,1,
gnark,circuit,groth16,bls12_381,exponentiate,input/circuit/exponentiate_2/input_12.json,prove,4097,1,2,68547848,9803,576,1,
gnark,circuit,groth16,bls12_381,exponentiate,input/circuit/exponentiate_2/input_12.json,prove,4097,1,2,68547848,10090,576,1,
gnark,circuit,groth16,bls12_381,exponentiate,input/circuit/exponentiate_2/input_12.json,verify,4097,1,2,69072136,1341,0,1,
gnark,circuit,groth16,bls12_381,exponentiate,input/circuit/exponentiate_2/input_12.json,verify,4097,1,2,68547848,1260,0,1,
gnark,circuit,groth16,bls12_381,exponentiate,input/circuit/exponentiate_2/input_12.json,verify,4097,1,2,69072136,1305,0,1,
gnark,circuit,groth16,bls12_381,exponentiate,input/circuit/exponentiate_2/input_12.json,verify,4097,1,2,69334280,1298,0,1,
gnark,circuit,groth16,bls12_381,exponentiate,input/circuit/exponentiate_2/input_12.json,verify,4097,1,2,69072136,1705,0,1,
gnark,circuit,groth16,bls12_381,exponentiate,input/circuit/exponentiate_2/input_12.json,verify,4097,1,2,68875528,1385,0,1,
gnark,circuit,groth16,bls12_381,exponentiate,input/circuit/exponentiate_2/input_12.json,verify,4097,1,2,67761416,1264,0,1,
gnark,circuit,groth16,bls12_381,exponentiate,input/circuit/exponentiate_2/input_12.json,verify,4097,1,2,68547848,1308,0,1,
gnark,circuit,groth16,bls12_381,exponentiate,input/circuit/exponentiate_2/input_12.json,verify,4097,1,2,64615688,1280,0,1,
gnark,circuit,groth16,bls12_381,exponentiate,input/circuit/exponentiate_2/input_12.json,verify,4097,1,2,68547848,1278,0,1,
gnark,circuit,groth16,bls12_381,exponentiate,input/circuit/exponentiate_2/input_13.json,compile,8193,1,2,23459080,7454,0,1,
gnark,circuit,groth16,bls12_381,exponentiate,input/circuit/exponentiate_2/input_13.json,compile,8193,1,2,23196936,7334,0,1,
gnark,circuit,groth16,bls12_381,exponentiate,input/circuit/exponentiate_2/input_13.json,compile,8193,1,2,23196936,7277,0,1,
gnark,circuit,groth16,bls12_381,exponentiate,input/circuit/exponentiate_2/input_13.json,compile,8193,1,2,23459080,7547,0,1,
gnark,circuit,groth16,bls12_381,exponentiate,input/circuit/exponentiate_2/input_13.json,compile,8193,1,2,23459080,7424,0,1,
gnark,circuit,groth16,bls12_381,exponentiate,input/circuit/exponentiate_2/input_13.json,compile,8193,1,2,23459080,7535,0,1,
gnark,circuit,groth16,bls12_381,exponentiate,input/circuit/exponentiate_2/input_13.json,compile,8193,1,2,23459080,7462,0,1,
gnark,circuit,groth16,bls12_381,exponentiate,input/circuit/exponentiate_2/input_13.json,compile,8193,1,2,23459080,7373,0,1,
gnark,circuit,groth16,bls12_381,exponentiate,input/circuit/exponentiate_2/input_13.json,compile,8193,1,2,23196936,7378,0,1,
gnark,circuit,groth16,bls12_381,exponentiate,input/circuit/exponentiate_2/input_13.json,compile,8193,1,2,23459080,7418,0,1,
gnark,circuit,groth16,bls12_381,exponentiate,input/circuit/exponentiate_2/input_13.json,setup,8193,1,2,71955720,303152,0,1,
gnark,circuit,groth16,bls12_381,exponentiate,input/circuit/exponentiate_2/input_13.json,setup,8193,1,2,76674312,304265,0,1,
gnark,circuit,groth16,bls12_381,exponentiate,input/circuit/exponentiate_2/input_13.json,setup,8193,1,2,76936456,303637,0,1,
gnark,circuit,groth16,bls12_381,exponentiate,input/circuit/exponentiate_2/input_13.json,setup,8193,1,2,71955720,302236,0,1,
gnark,circuit,groth16,bls12_381,exponentiate,input/circuit/exponentiate_2/input_13.json,setup,8193,1,2,72480008,304467,0,1,
gnark,circuit,groth16,bls12_381,exponentiate,input/circuit/exponentiate_2/input_13.json,setup,8193,1,2,72217864,302886,0,1,
gnark,circuit,groth16,bls12_381,exponentiate,input/circuit/exponentiate_2/input_13.json,setup,8193,1,2,72217864,303173,0,1,
gnark,circuit,groth16,bls12_381,exponentiate,input/circuit/exponentiate_2/input_13.json,setup,8193,1,2,76674312,303918,0,1,
gnark,circuit,groth16,bls12_381,exponentiate,input/circuit/exponentiate_2/input_13.json,setup,8193,1,2,76412168,303160,0,1,
gnark,circuit,groth16,bls12_381,exponentiate,input/circuit/exponentiate_2/input_13.json,setup,8193,1,2,77198600,303590,0,1,
gnark,circuit,groth16,bls12_381,exponentiate,input/circuit/exponentiate_2/input_13.json,witness,8193,1,2,23459080,1048,0,1,
gnark,circuit,groth16,bls12_381,exponentiate,input/circuit/exponentiate_2/input_13.json,witness,8193,1,2,22934792,1048,0,1,
gnark,circuit,groth16,bls12_381,exponentiate,input/circuit/exponentiate_2/input_13.json,witness,8193,1,2,23196936,1048,0,1,
gnark,circuit,groth16,bls12_381,exponentiate,input/circuit/exponentiate_2/input_13.json,witness,8193,1,2,22934792,1048,0,1,
gnark,circuit,groth16,bls12_381,exponentiate,input/circuit/exponentiate_2/input_13.json,witness,8193,1,2,23721224,1048,0,1,
gnark,circuit,groth16,bls12_381,exponentiate,input/circuit/exponentiate_2/input_13.json,witness,8193,1,2,23196936,1048,0,1,
gnark,circuit,groth16,bls12_381,exponentiate,input/circuit/exponentiate_2/input_13.json,witness,8193,1,2,23196936,1048,0,1,
gnark,circuit,groth16,bls12_381,exponentiate,input/circuit/exponentiate_2/input_13.json,witness,8193,1,2,23721224,1048,0,1,
gnark,circuit,groth16,bls12_381,exponentiate,input/circuit/exponentiate_2/input_13.json,witness,8193,1,2,23196936,1048,0,1,
gnark,circuit,groth16,bls12_381,exponentiate,input/circuit/exponentiate_2/input_13.json,witness,8193,1,2,23983368,1048,0,1,
gnark,circuit,groth16,bls12_381,exponentiate,input/circuit/exponentiate_2/input_13.json,prove,8193,1,2,73528584,17234,576,1,
gnark,circuit,groth16,bls12_381,exponentiate,input/circuit/exponentiate_2/input_13.json,prove,8193,1,2,73790728,17035,576,1,
gnark,circuit,groth16,bls12_381,exponentiate,input/circuit/exponentiate_2/input_13.json,prove,8193,1,2,73266440,17099,576,1,
gnark,circuit,groth16,bls12_381,exponentiate,input/circuit/exponentiate_2/input_13.json,prove,8193,1,2,73528584,16867,576,1,
gnark,circuit,groth16,bls12_381,exponentiate,input/circuit/exponentiate_2/input_13.json,prove,8193,1,2,72742152,16762,576,1,
gnark,circuit,groth16,bls12_381,exponentiate,input/circuit/exponentiate_2/input_13.json,prove,8193,1,2,73266440,17174,576,1,
gnark,circuit,groth16,bls12_381,exponentiate,input/circuit/exponentiate_2/input_13.json,prove,8193,1,2,77722888,17181,576,1,
gnark,circuit,groth16,bls12_381,exponentiate,input/circuit/exponentiate_2/input_13.json,prove,8193,1,2,73266440,17157,576,1,
gnark,circuit,groth16,bls12_381,exponentiate,input/circuit/exponentiate_2/input_13.json,prove,8193,1,2,73528584,17104,576,1,
gnark,circuit,groth16,bls12_381,exponentiate,input/circuit/exponentiate_2/input_13.json,prove,8193,1,2,73528584,17166,576,1,
gnark,circuit,groth16,bls12_381,exponentiate,input/circuit/exponentiate_2/input_13.json,verify,8193,1,2,72480008,1323,0,1,
gnark,circuit,groth16,bls12_381,exponentiate,input/circuit/exponentiate_2/input_13.json,verify,8193,1,2,72742152,1768,0,1,
gnark,circuit,groth16,bls12_381,exponentiate,input/circuit/exponentiate_2/input_13.json,verify,8193,1,2,73266440,1350,0,1,
gnark,circuit,groth16,bls12_381,exponentiate,input/circuit/exponentiate_2/input_13.json,verify,8193,1,2,72217864,1406,0,1,
gnark,circuit,groth16,bls12_381,exponentiate,input/circuit/exponentiate_2/input_13.json,verify,8193,1,2,73004296,1699,0,1,
gnark,circuit,groth16,bls12_381,exponentiate,input/circuit/exponentiate_2/input_13.json,verify,8193,1,2,77198600,1704,0,1,
gnark,circuit,groth16,bls12_381,exponentiate,input/circuit/exponentiate_2/input_13.json,verify,8193,1,2,73004296,1314,0,1,
gnark,circuit,groth16,bls12_381,exponentiate,input/circuit/exponentiate_2/input_13.json,verify,8193,1,2,72217864,1721,0,1,
gnark,circuit,groth16,bls12_381,exponentiate,input/circuit/exponentiate_2/input_13.json,verify,8193,1,2,72480008,1304,0,1,
gnark,circuit,groth16,bls12_381,exponentiate,input/circuit/exponentiate_2/input_13.json,verify,8193,1,2,72480008,1315,0,1,
gnark,circuit,groth16,bls12_381,exponentiate,input/circuit/exponentiate_2/input_14.json,compile,16385,1,2,24245512,13820,0,1,
gnark,circuit,groth16,bls12_381,exponentiate,input/circuit/exponentiate_2/input_14.json,compile,16385,1,2,28439816,13431,0,1,
gnark,circuit,groth16,bls12_381,exponentiate,input/circuit/exponentiate_2/input_14.json,compile,16385,1,2,27915528,13661,0,1,
gnark,circuit,groth16,bls12_381,exponentiate,input/circuit/exponentiate_2/input_14.json,compile,16385,1,2,23983368,13341,0,1,
gnark,circuit,groth16,bls12_381,exponentiate,input/circuit/exponentiate_2/input_14.json,compile,16385,1,2,27915528,13920,0,1,
gnark,circuit,groth16,bls12_381,exponentiate,input/circuit/exponentiate_2/input_14.json,compile,16385,1,2,27915528,13355,0,1,
gnark,circuit,groth16,bls12_381,exponentiate,input/circuit/exponentiate_2/input_14.json,compile,16385,1,2,23983368,13675,0,1,
gnark,circuit,groth16,bls12_381,exponentiate,input/circuit/exponentiate_2/input_14.json,compile,16385,1,2,27915528,13624,0,1,
gnark,circuit,groth16,bls12_381,exponentiate,input/circuit/exponentiate_2/input_14.json,compile,16385,1,2,27915528,13583,0,1,
gnark,circuit,groth16,bls12_381,exponentiate,input/circuit/exponentiate_2/input_14.json,compile,16385,1,2,28439816,13706,0,1,
gnark,circuit,groth16,bls12_381,exponentiate,input/circuit/exponentiate_2/input_14.json,setup,16385,1,2,85062920,534705,0,1,
gnark,circuit,groth16,bls12_381,exponentiate,input/circuit/exponentiate_2/input_14.json,setup,16385,1,2,84800776,535145,0,1,
gnark,circuit,groth16,bls12_381,exponentiate,input/circuit/exponentiate_2/input_14.json,setup,16385,1,2,89604376,534221,0,1,
gnark,circuit,groth16,bls12_381,exponentiate,input/circuit/exponentiate_2/input_14.json,setup,16385,1,2,85325064,533211,0,1,
gnark,circuit,groth16,bls12_381,exponentiate,input/circuit/exponentiate_2/input_14.json,setup,16385,1,2,90652952,533107,0,1,
gnark,circuit,groth16,bls12_381,exponentiate,input/circuit/exponentiate_2/input_14.json,setup,16385,1,2,85062920,534013,0,1,
gnark,circuit,groth16,bls12_381,exponentiate,input/circuit/exponentiate_2/input_14.json,setup,16385,1,2,89604376,533559,0,1,
gnark,circuit,groth16,bls12_381,exponentiate,input/circuit/exponentiate_2/input_14.json,setup,16385,1,2,89866520,534467,0,1,
gnark,circuit,groth16,bls12_381,exponentiate,input/circuit/exponentiate_2/input_14.json,setup,16385,1,2,85325064,532966,0,1,
gnark,circuit,groth16,bls12_381,exponentiate,input/circuit/exponentiate_2/input_14.json,setup,16385,1,2,84800776,533757,0,1,
gnark,circuit,groth16,bls12_381,exponentiate,input/circuit/exponentiate_2/input_14.json,witness,16385,1,2,23983368,1048,0,1,
gnark,circuit,groth16,bls12_381,exponentiate,input/circuit/exponentiate_2/input_14.json,witness,16385,1,2,27653384,1048,0,1,
gnark,circuit,groth16,bls12_381,exponentiate,input/circuit/exponentiate_2/input_14.json,witness,16385,1,2,28177672,1048,0,1,
gnark,circuit,groth16,bls12_381,exponentiate,input/circuit/exponentiate_2/input_14.json,witness,16385,1,2,28177672,1048,0,1,
gnark,circuit,groth16,bls12_381,exponentiate,input/circuit/exponentiate_2/input_14.json,witness,16385,1,2,28177672,1048,0,1,
gnark,circuit,groth16,bls12_381,exponentiate,input/circuit/exponentiate_2/input_14.json,witness,16385,1,2,23459080,1048,0,1,
gnark,circuit,groth16,bls12_381,exponentiate,input/circuit/exponentiate_2/input_14.json,witness,16385,1,2,28964104,1048,0,1,
gnark,circuit,groth16,bls12_381,exponentiate,input/circuit/exponentiate_2/input_14.json,witness,16385,1,2,27915528,1048,0,1,
gnark,circuit,groth16,bls12_381,exponentiate,input/circuit/exponentiate_2/input_14.json,witness,16385,1,2,23721224,1048,0,1,
gnark,circuit,groth16,bls12_381,exponentiate,input/circuit/exponentiate_2/input_14.json,witness,16385,1,2,28177672,1048,0,1,
gnark,circuit,groth16,bls12_381,exponentiate,input/circuit/exponentiate_2/input_14.json,prove,16385,1,2,103498008,33049,576,1,
gnark,circuit,groth16,bls12_381,exponentiate,input/circuit/exponentiate_2/input_14.json,prove,16385,1,2,119750936,33102,576,1,
gnark,circuit,groth16,bls12_381,exponentiate,input/circuit/exponentiate_2/input_14.json,prove,16385,1,2,99303704,32216,576,1,
gnark,circuit,groth16,bls12_381,exponentiate,input/circuit/exponentiate_2/input_14.json,prove,16385,1,2,98779416,32515,576,1,
gnark,circuit,groth16,bls12_381,exponentiate,input/circuit/exponentiate_2/input_14.json,prove,16385,1,2,99303704,32711,576,1,
gnark,circuit,groth16,bls12_381,exponentiate,input/circuit/exponentiate_2/input_14.json,prove,16385,1,2,103235864,32656,576,1,
gnark,circuit,groth16,bls12_381,exponentiate,input/circuit/exponentiate_2/input_14.json,prove,16385,1,2,103498008,35760,576,1,
gnark,circuit,groth16,bls12_381,exponentiate,input/circuit/exponentiate_2/input_14.json,prove,16385,1,2,99565848,32143,576,1,
gnark,circuit,groth16,bls12_381,exponentiate,input/circuit/exponentiate_2/input_14.json,prove,16385,1,2,98517272,32673,576,1,
gnark,circuit,groth16,bls12_381,exponentiate,input/circuit/exponentiate_2/input_14.json,prove,16385,1,2,99041560,32109,576,1,
gnark,circuit,groth16,bls12_381,exponentiate,input/circuit/exponentiate_2/input_14.json,verify,16385,1,2,104022296,1340,0,1,
gnark,circuit,groth16,bls12_381,exponentiate,input/circuit/exponentiate_2/input_14.json,verify,16385,1,2,103235864,1746,0,1,
gnark,circuit,groth16,bls12_381,exponentiate,input/circuit/exponentiate_2/input_14.json,verify,16385,1,2,99041560,1333,0,1,
gnark,circuit,groth16,bls12_381,exponentiate,input/circuit/exponentiate_2/input_14.json,verify,16385,1,2,102449432,1691,0,1,
gnark,circuit,groth16,bls12_381,exponentiate,input/circuit/exponentiate_2/input_14.json,verify,16385,1,2,103235864,1739,0,1,
gnark,circuit,groth16,bls12_381,exponentiate,input/circuit/exponentiate_2/input_14.json,verify,16385,1,2,103235864,1299,0,1,
gnark,circuit,groth16,bls12_381,exponentiate,input/circuit/exponentiate_2/input_14.json,verify,16385,1,2,104022296,1709,0,1,
gnark,circuit,groth16,bls12_381,exponentiate,input/circuit/exponentiate_2/input_14.json,verify,16385,1,2,103760152,1720,0,1,
gnark,circuit,groth16,bls12_381,exponentiate,input/circuit/exponentiate_2/input_14.json,verify,16385,1,2,103498008,1701,0,1,
gnark,circuit,groth16,bls12_381,exponentiate,input/circuit/exponentiate_2/input_14.json,verify,16385,1,2,103498008,1376,0,1,
gnark,circuit,groth16,bls12_381,exponentiate,input/circuit/exponentiate_2/input_15.json,compile,32769,1,2,32896264,25869,0,1,
gnark,circuit,groth16,bls12_381,exponentiate,input/circuit/exponentiate_2/input_15.json,compile,32769,1,2,32109832,24924,0,1,
gnark,circuit,groth16,bls12_381,exponentiate,input/circuit/exponentiate_2/input_15.json,compile,32769,1,2,32634120,24577,0,1,
gnark,circuit,groth16,bls12_381,exponentiate,input/circuit/exponentiate_2/input_15.json,compile,32769,1,2,32896264,25271,0,1,
gnark,circuit,groth16,bls12_381,exponentiate,input/circuit/exponentiate_2/input_15.json,compile,32769,1,2,28701960,24469,0,1,
gnark,circuit,groth16,bls12_381,exponentiate,input/circuit/exponentiate_2/input_15.json,compile,32769,1,2,28964104,25434,0,1,
gnark,circuit,groth16,bls12_381,exponentiate,input/circuit/exponentiate_2/input_15.json,compile,32769,1,2,33158408,24926,0,1,
gnark,circuit,groth16,bls12_381,exponentiate,input/circuit/exponentiate_2/input_15.json,compile,32769,1,2,33158408,25687,0,1,
gnark,circuit,groth16,bls12_381,exponentiate,input/circuit/exponentiate_2/input_15.json,compile,32769,1,2,28439816,24173,0,1,
gnark,circuit,groth16,bls12_381,exponentiate,input/circuit/exponentiate_2/input_15.json,compile,32769,1,2,28964104,24305,0,1,
gnark,circuit,groth16,bls12_381,exponentiate,input/circuit/exponentiate_2/input_15.json,setup,32769,1,2,128401688,994568,0,1,
gnark,circuit,groth16,bls12_381,exponentiate,input/circuit/exponentiate_2/input_15.json,setup,32769,1,2,127615256,997824,0,1,
gnark,circuit,groth16,bls12_381,exponentiate,input/circuit/exponentiate_2/input_15.json,setup,32769,1,2,127877400,994905,0,1,
gnark,circuit,groth16,bls12_381,exponentiate,input/circuit/exponentiate_2/input_15.json,setup,32769,1,2,127353112,995947,0,1,
gnark,circuit,groth16,bls12_381,exponentiate,input/circuit/exponentiate_2/input_15.json,setup,32769,1,2,127615256,995790,0,1,
gnark,circuit,groth16,bls12_381,exponentiate,input/circuit/exponentiate_2/input_15.json,setup,32769,1,2,120537368,994579,0,1,
gnark,circuit,groth16,bls12_381,exponentiate,input/circuit/exponentiate_2/input_15.json,setup,32769,1,2,127615256,994684,0,1,
gnark,circuit,groth16,bls12_381,exponentiate,input/circuit/exponentiate_2/input_15.json,setup,32769,1,2,127090968,997348,0,1,
gnark,circuit,groth16,bls12_381,exponentiate,input/circuit/exponentiate_2/input_15.json,setup,32769,1,2,128139544,995118,0,1,
gnark,circuit,groth16,bls12_381,exponentiate,input/circuit/exponentiate_2/input_15.json,setup,32769,1,2,126828824,994813,0,1,
gnark,circuit,groth16,bls12_381,exponentiate,input/circuit/exponentiate_2/input_15.json,witness,32769,1,2,32634120,1048,0,1,
gnark,circuit,groth16,bls12_381,exponentiate,input/circuit/exponentiate_2/input_15.json,witness,32769,1,2,32371976,1048,0,1,
gnark,circuit,groth16,bls12_381,exponentiate,input/circuit/exponentiate_2/input_15.json,witness,32769,1,2,27653384,1048,0,1,
gnark,circuit,groth16,bls12_381,exponentiate,input/circuit/exponentiate_2/input_15.json,witness,32769,1,2,33158408,1048,0,1,
gnark,circuit,groth16,bls12_381,exponentiate,input/circuit/exponentiate_2/input_15.json,witness,32769,1,2,28964104,1048,0,1,
gnark,circuit,groth16,bls12_381,exponentiate,input/circuit/exponentiate_2/input_15.json,witness,32769,1,2,28177672,1048,0,1,
gnark,circuit,groth16,bls12_381,exponentiate,input/circuit/exponentiate_2/input_15.json,witness,32769,1,2,32896264,1048,0,1,
gnark,circuit,groth16,bls12_381,exponentiate,input/circuit/exponentiate_2/input_15.json,witness,32769,1,2,33682696,1048,0,1,
gnark,circuit,groth16,bls12_381,exponentiate,input/circuit/exponentiate_2/input_15.json,witness,32769,1,2,32896264,1048,0,1,
gnark,circuit,groth16,bls12_381,exponentiate,input/circuit/exponentiate_2/input_15.json,witness,32769,1,2,32371976,1048,0,1,
gnark,circuit,groth16,bls12_381,exponentiate,input/circuit/exponentiate_2/input_15.json,prove,32769,1,2,163613992,63979,576,1,
gnark,circuit,groth16,bls12_381,exponentiate,input/circuit/exponentiate_2/input_15.json,prove,32769,1,2,153567512,64591,576,1,
gnark,circuit,groth16,bls12_381,exponentiate,input/circuit/exponentiate_2/input_15.json,prove,32769,1,2,162827560,64125,576,1,
gnark,circuit,groth16,bls12_381,exponentiate,input/circuit/exponentiate_2/input_15.json,prove,32769,1,2,159943976,60129,576,1,
gnark,circuit,groth16,bls12_381,exponentiate,input/circuit/exponentiate_2/input_15.json,prove,32769,1,2,163876136,60049,576,1,
gnark,circuit,groth16,bls12_381,exponentiate,input/circuit/exponentiate_2/input_15.json,prove,32769,1,2,167546152,60648,576,1,
gnark,circuit,groth16,bls12_381,exponentiate,input/circuit/exponentiate_2/input_15.json,prove,32769,1,2,149897496,59338,576,1,
gnark,circuit,groth16,bls12_381,exponentiate,input/circuit/exponentiate_2/input_15.json,prove,32769,1,2,153305368,63109,576,1,
gnark,circuit,groth16,bls12_381,exponentiate,input/circuit/exponentiate_2/input_15.json,prove,32769,1,2,149897496,60136,576,1,
gnark,circuit,groth16,bls12_381,exponentiate,input/circuit/exponentiate_2/input_15.json,prove,32769,1,2,168070440,62998,576,1,
gnark,circuit,groth16,bls12_381,exponentiate,input/circuit/exponentiate_2/input_15.json,verify,32769,1,2,163613992,1367,0,1,
gnark,circuit,groth16,bls12_381,exponentiate,input/circuit/exponentiate_2/input_15.json,verify,32769,1,2,167546152,1332,0,1,
gnark,circuit,groth16,bls12_381,exponentiate,input/circuit/exponentiate_2/input_15.json,verify,32769,1,2,168332584,1328,0,1,
gnark,circuit,groth16,bls12_381,exponentiate,input/circuit/exponentiate_2/input_15.json,verify,32769,1,2,150683928,1321,0,1,
gnark,circuit,groth16,bls12_381,exponentiate,input/circuit/exponentiate_2/input_15.json,verify,32769,1,2,159681832,1311,0,1,
gnark,circuit,groth16,bls12_381,exponentiate,input/circuit/exponentiate_2/input_15.json,verify,32769,1,2,163613992,1352,0,1,
gnark,circuit,groth16,bls12_381,exponentiate,input/circuit/exponentiate_2/input_15.json,verify,32769,1,2,153305368,1311,0,1,
gnark,circuit,groth16,bls12_381,exponentiate,input/circuit/exponentiate_2/input_15.json,verify,32769,1,2,162827560,1322,0,1,
gnark,circuit,groth16,bls12_381,exponentiate,input/circuit/exponentiate_2/input_15.json,verify,32769,1,2,150421784,1330,0,1,
gnark,circuit,groth16,bls12_381,exponentiate,input/circuit/exponentiate_2/input_15.json,verify,32769,1,2,149897496,1359,0,1,
gnark,circuit,groth16,bls12_381,exponentiate,input/circuit/exponentiate_2/input_16.json,compile,65537,1,2,42071304,50165,0,1,
gnark,circuit,groth16,bls12_381,exponentiate,input/circuit/exponentiate_2/input_16.json,compile,65537,1,2,41284872,48658,0,1,
gnark,circuit,groth16,bls12_381,exponentiate,input/circuit/exponentiate_2/input_16.json,compile,65537,1,2,41547016,49912,0,1,
gnark,circuit,groth16,bls12_381,exponentiate,input/circuit/exponentiate_2/input_16.json,compile,65537,1,2,45479176,50010,0,1,
gnark,circuit,groth16,bls12_381,exponentiate,input/circuit/exponentiate_2/input_16.json,compile,65537,1,2,41809160,48974,0,1,
gnark,circuit,groth16,bls12_381,exponentiate,input/circuit/exponentiate_2/input_16.json,compile,65537,1,2,42071304,49854,0,1,
gnark,circuit,groth16,bls12_381,exponentiate,input/circuit/exponentiate_2/input_16.json,compile,65537,1,2,41284872,50069,0,1,
gnark,circuit,groth16,bls12_381,exponentiate,input/circuit/exponentiate_2/input_16.json,compile,65537,1,2,41022728,49281,0,1,
gnark,circuit,groth16,bls12_381,exponentiate,input/circuit/exponentiate_2/input_16.json,compile,65537,1,2,42333448,49704,0,1,
gnark,circuit,groth16,bls12_381,exponentiate,input/circuit/exponentiate_2/input_16.json,compile,65537,1,2,42071304,50130,0,1,
gnark,circuit,groth16,bls12_381,exponentiate,input/circuit/exponentiate_2/input_16.json,setup,65537,1,2,215518504,1911399,0,1,
gnark,circuit,groth16,bls12_381,exponentiate,input/circuit/exponentiate_2/input_16.json,setup,65537,1,2,216829224,1919621,0,1,
gnark,circuit,groth16,bls12_381,exponentiate,input/circuit/exponentiate_2/input_16.json,setup,65537,1,2,203984168,1916797,0,1,
gnark,circuit,groth16,bls12_381,exponentiate,input/circuit/exponentiate_2/input_16.json,setup,65537,1,2,215256360,1924016,0,1,
gnark,circuit,groth16,bls12_381,exponentiate,input/circuit/exponentiate_2/input_16.json,setup,65537,1,2,216567080,1919156,0,1,
gnark,circuit,groth16,bls12_381,exponentiate,input/circuit/exponentiate_2/input_16.json,setup,65537,1,2,216829224,1918937,0,1,
gnark,circuit,groth16,bls12_381,exponentiate,input/circuit/exponentiate_2/input_16.json,setup,65537,1,2,217091368,1918937,0,1,
gnark,circuit,groth16,bls12_381,exponentiate,input/circuit/exponentiate_2/input_16.json,setup,65537,1,2,215780648,1920518,0,1,
gnark,circuit,groth16,bls12_381,exponentiate,input/circuit/exponentiate_2/input_16.json,setup,65537,1,2,217091368,1912596,0,1,
gnark,circuit,groth16,bls12_381,exponentiate,input/circuit/exponentiate_2/input_16.json,setup,65537,1,2,217091368,1914014,0,1,
gnark,circuit,groth16,bls12_381,exponentiate,input/circuit/exponentiate_2/input_16.json,witness,65537,1,2,41284872,1048,0,1,
gnark,circuit,groth16,bls12_381,exponentiate,input/circuit/exponentiate_2/input_16.json,witness,65537,1,2,41809160,1048,0,1,
gnark,circuit,groth16,bls12_381,exponentiate,input/circuit/exponentiate_2/input_16.json,witness,65537,1,2,42333448,1048,0,1,
gnark,circuit,groth16,bls12_381,exponentiate,input/circuit/exponentiate_2/input_16.json,witness,65537,1,2,45741320,1048,0,1,
gnark,circuit,groth16,bls12_381,exponentiate,input/circuit/exponentiate_2/input_16.json,witness,65537,1,2,46265608,1048,0,1,
gnark,circuit,groth16,bls12_381,exponentiate,input/circuit/exponentiate_2/input_16.json,witness,65537,1,2,41547016,1048,0,1,
gnark,circuit,groth16,bls12_381,exponentiate,input/circuit/exponentiate_2/input_16.json,witness,65537,1,2,41022728,1048,0,1,
gnark,circuit,groth16,bls12_381,exponentiate,input/circuit/exponentiate_2/input_16.json,witness,65537,1,2,42071304,1048,0,1,
gnark,circuit,groth16,bls12_381,exponentiate,input/circuit/exponentiate_2/input_16.json,witness,65537,1,2,45741320,1048,0,1,
gnark,circuit,groth16,bls12_381,exponentiate,input/circuit/exponentiate_2/input_16.json,witness,65537,1,2,41284872,1048,0,1,
gnark,circuit,groth16,bls12_381,exponentiate,input/circuit/exponentiate_2/input_16.json,prove,65537,1,2,253090104,113150,576,1,
gnark,circuit,groth16,bls12_381,exponentiate,input/circuit/exponentiate_2/input_16.json,prove,65537,1,2,281663800,118265,576,1,
gnark,circuit,groth16,bls12_381,exponentiate,input/circuit/exponentiate_2/input_16.json,prove,65537,1,2,261478712,116006,576,1,
gnark,circuit,groth16,bls12_381,exponentiate,input/circuit/exponentiate_2/input_16.json,prove,65537,1,2,273013048,118616,576,1,
gnark,circuit,groth16,bls12_381,exponentiate,input/circuit/exponentiate_2/input_16.json,prove,65537,1,2,252827960,119706,576,1,
gnark,circuit,groth16,bls12_381,exponentiate,input/circuit/exponentiate_2/input_16.json,prove,65537,1,2,286906680,117398,576,1,
gnark,circuit,groth16,bls12_381,exponentiate,input/circuit/exponentiate_2/input_16.json,prove,65537,1,2,257808696,116426,576,1,
gnark,circuit,groth16,bls12_381,exponentiate,input/circuit/exponentiate_2/input_16.json,prove,65537,1,2,253352248,118154,576,1,
gnark,circuit,groth16,bls12_381,exponentiate,input/circuit/exponentiate_2/input_16.json,prove,65537,1,2,261216568,116542,576,1,
gnark,circuit,groth16,bls12_381,exponentiate,input/circuit/exponentiate_2/input_16.json,prove,65537,1,2,253090104,113992,576,1,
gnark,circuit,groth16,bls12_381,exponentiate,input/circuit/exponentiate_2/input_16.json,verify,65537,1,2,255711544,1348,0,1,
gnark,circuit,groth16,bls12_381,exponentiate,input/circuit/exponentiate_2/input_16.json,verify,65537,1,2,256760120,1354,0,1,
gnark,circuit,groth16,bls12_381,exponentiate,input/circuit/exponentiate_2/input_16.json,verify,65537,1,2,257284408,1366,0,1,
gnark,circuit,groth16,bls12_381,exponentiate,input/circuit/exponentiate_2/input_16.json,verify,65537,1,2,268818744,1397,0,1,
gnark,circuit,groth16,bls12_381,exponentiate,input/circuit/exponentiate_2/input_16.json,verify,65537,1,2,278780216,1336,0,1,
gnark,circuit,groth16,bls12_381,exponentiate,input/circuit/exponentiate_2/input_16.json,verify,65537,1,2,270129464,1357,0,1,
gnark,circuit,groth16,bls12_381,exponentiate,input/circuit/exponentiate_2/input_16.json,verify,65537,1,2,257284408,1368,0,1,
gnark,circuit,groth16,bls12_381,exponentiate,input/circuit/exponentiate_2/input_16.json,verify,65537,1,2,252041528,1344,0,1,
gnark,circuit,groth16,bls12_381,exponentiate,input/circuit/exponentiate_2/input_16.json,verify,65537,1,2,256760120,1711,0,1,
gnark,circuit,groth16,bls12_381,exponentiate,input/circuit/exponentiate_2/input_16.json,verify,65537,1,2,248371512,1354,0,1,
gnark,circuit,groth16,bls12_381,exponentiate,input/circuit/exponentiate_2/input_17.json,compile,131073,1,2,67433736,95930,0,1,
gnark,circuit,groth16,bls12_381,exponentiate,input/circuit/exponentiate_2/input_17.json,compile,131073,1,2,66909448,95037,0,1,
gnark,circuit,groth16,bls12_381,exponentiate,input/circuit/exponentiate_2/input_17.json,compile,131073,1,2,62977288,93769,0,1,
gnark,circuit,groth16,bls12_381,exponentiate,input/circuit/exponentiate_2/input_17.json,compile,131073,1,2,68482312,95158,0,1,
gnark,circuit,groth16,bls12_381,exponentiate,input/circuit/exponentiate_2/input_17.json,compile,131073,1,2,68220168,95879,0,1,
gnark,circuit,groth16,bls12_381,exponentiate,input/circuit/exponentiate_2/input_17.json,compile,131073,1,2,67958024,96476,0,1,
gnark,circuit,groth16,bls12_381,exponentiate,input/circuit/exponentiate_2/input_17.json,compile,131073,1,2,68744456,93874,0,1,
gnark,circuit,groth16,bls12_381,exponentiate,input/circuit/exponentiate_2/input_17.json,compile,131073,1,2,67695880,97078,0,1,
gnark,circuit,groth16,bls12_381,exponentiate,input/circuit/exponentiate_2/input_17.json,compile,131073,1,2,67171592,94480,0,1,
gnark,circuit,groth16,bls12_381,exponentiate,input/circuit/exponentiate_2/input_17.json,compile,131073,1,2,67433736,93540,0,1,
gnark,circuit,groth16,bls12_381,exponentiate,input/circuit/exponentiate_2/input_17.json,setup,131073,1,2,382693720,3762044,0,1,
gnark,circuit,groth16,bls12_381,exponentiate,input/circuit/exponentiate_2/input_17.json,setup,131073,1,2,374567256,3750220,0,1,
gnark,circuit,groth16,bls12_381,exponentiate,input/circuit/exponentiate_2/input_17.json,setup,131073,1,2,377975128,3748221,0,1,
gnark,circuit,groth16,bls12_381,exponentiate,input/circuit/exponentiate_2/input_17.json,setup,131073,1,2,377975128,3748320,0,1,
gnark,circuit,groth16,bls12_381,exponentiate,input/circuit/exponentiate_2/input_17.json,setup,131073,1,2,374042968,3745875,0,1,
gnark,circuit,groth16,bls12_381,exponentiate,input/circuit/exponentiate_2/input_17.json,setup,131073,1,2,374305112,3750131,0,1,
gnark,circuit,groth16,bls12_381,exponentiate,input/circuit/exponentiate_2/input_17.json,setup,131073,1,2,374305112,3748623,0,1,
gnark,circuit,groth16,bls12_381,exponentiate,input/circuit/exponentiate_2/input_17.json,setup,131073,1,2,374829400,3748002,0,1,
gnark,circuit,groth16,bls12_381,exponentiate,input/circuit/exponentiate_2/input_17.json,setup,131073,1,2,378499416,3751601,0,1,
gnark,circuit,groth16,bls12_381,exponentiate,input/circuit/exponentiate_2/input_17.json,setup,131073,1,2,378499416,3747633,0,1,
gnark,circuit,groth16,bls12_381,exponentiate,input/circuit/exponentiate_2/input_17.json,witness,131073,1,2,67433736,1048,0,1,
gnark,circuit,groth16,bls12_381,exponentiate,input/circuit/exponentiate_2/input_17.json,witness,131073,1,2,67958024,1048,0,1,
gnark,circuit,groth16,bls12_381,exponentiate,input/circuit/exponentiate_2/input_17.json,witness,131073,1,2,67171592,1048,0,1,
gnark,circuit,groth16,bls12_381,exponentiate,input/circuit/exponentiate_2/input_17.json,witness,131073,1,2,63239432,1048,0,1,
gnark,circuit,groth16,bls12_381,exponentiate,input/circuit/exponentiate_2/input_17.json,witness,131073,1,2,68220168,1048,0,1,
gnark,circuit,groth16,bls12_381,exponentiate,input/circuit/exponentiate_2/input_17.json,witness,131073,1,2,69268744,1048,0,1,
gnark,circuit,groth16,bls12_381,exponentiate,input/circuit/exponentiate_2/input_17.json,witness,131073,1,2,67695880,1048,0,1,
gnark,circuit,groth16,bls12_381,exponentiate,input/circuit/exponentiate_2/input_17.json,witness,131073,1,2,67171592,1048,0,1,
gnark,circuit,groth16,bls12_381,exponentiate,input/circuit/exponentiate_2/input_17.json,witness,131073,1,2,67958024,1048,0,1,
gnark,circuit,groth16,bls12_381,exponentiate,input/circuit/exponentiate_2/input_17.json,witness,131073,1,2,67433736,1048,0,1,
gnark,circuit,groth16,bls12_381,exponentiate,input/circuit/exponentiate_2/input_17.json,prove,131073,1,2,468499816,203465,576,1,
gnark,circuit,groth16,bls12_381,exponentiate,input/circuit/exponentiate_2/input_17.json,prove,131073,1,2,461159784,222473,576,1,
gnark,circuit,groth16,bls12_381,exponentiate,input/circuit/exponentiate_2/input_17.json,prove,131073,1,2,482131304,212309,576,1,
gnark,circuit,groth16,bls12_381,exponentiate,input/circuit/exponentiate_2/input_17.json,prove,131073,1,2,469548392,219691,576,1,
gnark,circuit,groth16,bls12_381,exponentiate,input/circuit/exponentiate_2/input_17.json,prove,131073,1,2,460897640,231667,576,1,
gnark,circuit,groth16,bls12_381,exponentiate,input/circuit/exponentiate_2/input_17.json,prove,131073,1,2,467975528,220623,576,1,
gnark,circuit,groth16,bls12_381,exponentiate,input/circuit/exponentiate_2/input_17.json,prove,131073,1,2,477412712,208607,576,1,
gnark,circuit,groth16,bls12_381,exponentiate,input/circuit/exponentiate_2/input_17.json,prove,131073,1,2,469810536,218566,576,1,
gnark,circuit,groth16,bls12_381,exponentiate,input/circuit/exponentiate_2/input_17.json,prove,131073,1,2,477674856,220186,576,1,
gnark,circuit,groth16,bls12_381,exponentiate,input/circuit/exponentiate_2/input_17.json,prove,131073,1,2,453295464,228152,576,1,
gnark,circuit,groth16,bls12_381,exponentiate,input/circuit/exponentiate_2/input_17.json,verify,131073,1,2,477937000,1361,0,1,
gnark,circuit,groth16,bls12_381,exponentiate,input/circuit/exponentiate_2/input_17.json,verify,131073,1,2,464829800,1373,0,1,
gnark,circuit,groth16,bls12_381,exponentiate,input/circuit/exponentiate_2/input_17.json,verify,131073,1,2,469024104,1415,0,1,
gnark,circuit,groth16,bls12_381,exponentiate,input/circuit/exponentiate_2/input_17.json,verify,131073,1,2,474529128,1327,0,1,
gnark,circuit,groth16,bls12_381,exponentiate,input/circuit/exponentiate_2/input_17.json,verify,131073,1,2,481607016,1736,0,1,
gnark,circuit,groth16,bls12_381,exponentiate,input/circuit/exponentiate_2/input_17.json,verify,131073,1,2,461159784,1419,0,1,
gnark,circuit,groth16,bls12_381,exponentiate,input/circuit/exponentiate_2/input_17.json,verify,131073,1,2,469548392,1417,0,1,
gnark,circuit,groth16,bls12_381,exponentiate,input/circuit/exponentiate_2/input_17.json,verify,131073,1,2,460897640,1428,0,1,
gnark,circuit,groth16,bls12_381,exponentiate,input/circuit/exponentiate_2/input_17.json,verify,131073,1,2,460373352,1376,0,1,
gnark,circuit,groth16,bls12_381,exponentiate,input/circuit/exponentiate_2/input_17.json,verify,131073,1,2,470334824,1352,0,1,
gnark,circuit,groth16,bls12_381,exponentiate,input/circuit/exponentiate_2/input_18.json,compile,262145,1,2,106840344,180976,0,1,
gnark,circuit,groth16,bls12_381,exponentiate,input/circuit/exponentiate_2/input_18.json,compile,262145,1,2,110510360,180504,0,1,
gnark,circuit,groth16,bls12_381,exponentiate,input/circuit/exponentiate_2/input_18.json,compile,262145,1,2,111558936,182406,0,1,
gnark,circuit,groth16,bls12_381,exponentiate,input/circuit/exponentiate_2/input_18.json,compile,262145,1,2,107036952,182710,0,1,
gnark,circuit,groth16,bls12_381,exponentiate,input/circuit/exponentiate_2/input_18.json,compile,262145,1,2,112083224,182649,0,1,
gnark,circuit,groth16,bls12_381,exponentiate,input/circuit/exponentiate_2/input_18.json,compile,262145,1,2,111296792,181093,0,1,
gnark,circuit,groth16,bls12_381,exponentiate,input/circuit/exponentiate_2/input_18.json,compile,262145,1,2,111296792,183346,0,1,
gnark,circuit,groth16,bls12_381,exponentiate,input/circuit/exponentiate_2/input_18.json,compile,262145,1,2,111034648,182150,0,1,
gnark,circuit,groth16,bls12_381,exponentiate,input/circuit/exponentiate_2/input_18.json,compile,262145,1,2,111296792,184119,0,1,
gnark,circuit,groth16,bls12_381,exponentiate,input/circuit/exponentiate_2/input_18.json,compile,262145,1,2,111296792,183630,0,1,
gnark,circuit,groth16,bls12_381,exponentiate,input/circuit/exponentiate_2/input_18.json,setup,262145,1,2,705555880,7443323,0,1,
gnark,circuit,groth16,bls12_381,exponentiate,input/circuit/exponentiate_2/input_18.json,setup,262145,1,2,730459560,7429532,0,1,
gnark,circuit,groth16,bls12_381,exponentiate,input/circuit/exponentiate_2/input_18.json,setup,262145,1,2,706080168,7429977,0,1,
gnark,circuit,groth16,bls12_381,exponentiate,input/circuit/exponentiate_2/input_18.json,setup,262145,1,2,705293736,7427127,0,1,
gnark,circuit,groth16,bls12_381,exponentiate,input/circuit/exponentiate_2/input_18.json,setup,262145,1,2,702148008,7425419,0,1,
gnark,circuit,groth16,bls12_381,exponentiate,input/circuit/exponentiate_2/input_18.json,setup,262145,1,2,740552104,7453705,0,1,
gnark,circuit,groth16,bls12_381,exponentiate,input/circuit/exponentiate_2/input_18.json,setup,262145,1,2,722529704,7457359,0,1,
gnark,circuit,groth16,bls12_381,exponentiate,input/circuit/exponentiate_2/input_18.json,setup,262145,1,2,706080168,7426616,0,1,
gnark,circuit,groth16,bls12_381,exponentiate,input/circuit/exponentiate_2/input_18.json,setup,262145,1,2,726920616,7457531,0,1,
gnark,circuit,groth16,bls12_381,exponentiate,input/circuit/exponentiate_2/input_18.json,setup,262145,1,2,706342312,7424375,0,1,
gnark,circuit,groth16,bls12_381,exponentiate,input/circuit/exponentiate_2/input_18.json,witness,262145,1,2,111296792,1048,0,1,
gnark,circuit,groth16,bls12_381,exponentiate,input/circuit/exponentiate_2/input_18.json,witness,262145,1,2,106971416,1048,0,1,
gnark,circuit,groth16,bls12_381,exponentiate,input/circuit/exponentiate_2/input_18.json,witness,262145,1,2,111821080,1048,0,1,
gnark,circuit,groth16,bls12_381,exponentiate,input/circuit/exponentiate_2/input_18.json,witness,262145,1,2,111558936,1048,0,1,
gnark,circuit,groth16,bls12_381,exponentiate,input/circuit/exponentiate_2/input_18.json,witness,262145,1,2,107626776,1048,0,1,
gnark,circuit,groth16,bls12_381,exponentiate,input/circuit/exponentiate_2/input_18.json,witness,262145,1,2,119947544,1048,0,1,
gnark,circuit,groth16,bls12_381,exponentiate,input/circuit/exponentiate_2/input_18.json,witness,262145,1,2,107036952,1048,0,1,
gnark,circuit,groth16,bls12_381,exponentiate,input/circuit/exponentiate_2/input_18.json,witness,262145,1,2,98320664,1048,0,1,
gnark,circuit,groth16,bls12_381,exponentiate,input/circuit/exponentiate_2/input_18.json,witness,262145,1,2,111165720,1048,0,1,
gnark,circuit,groth16,bls12_381,exponentiate,input/circuit/exponentiate_2/input_18.json,witness,262145,1,2,115228952,1048,0,1,
gnark,circuit,groth16,bls12_381,exponentiate,input/circuit/exponentiate_2/input_18.json,prove,262145,1,2,834877880,371261,576,1,
gnark,circuit,groth16,bls12_381,exponentiate,input/circuit/exponentiate_2/input_18.json,prove,262145,1,2,840336840,396151,576,1,
gnark,circuit,groth16,bls12_381,exponentiate,input/circuit/exponentiate_2/input_18.json,prove,262145,1,2,852395464,378559,576,1,
gnark,circuit,groth16,bls12_381,exponentiate,input/circuit/exponentiate_2/input_18.json,prove,262145,1,2,868976072,378878,576,1,
gnark,circuit,groth16,bls12_381,exponentiate,input/circuit/exponentiate_2/input_18.json,prove,262145,1,2,874546632,378279,576,1,
gnark,circuit,groth16,bls12_381,exponentiate,input/circuit/exponentiate_2/input_18.json,prove,262145,1,2,858162632,386340,576,1,
gnark,circuit,groth16,bls12_381,exponentiate,input/circuit/exponentiate_2/input_18.json,prove,262145,1,2,843875784,379972,576,1,
gnark,circuit,groth16,bls12_381,exponentiate,input/circuit/exponentiate_2/input_18.json,prove,262145,1,2,834353592,386408,576,1,
gnark,circuit,groth16,bls12_381,exponentiate,input/circuit/exponentiate_2/input_18.json,prove,262145,1,2,830355896,407489,576,1,
gnark,circuit,groth16,bls12_381,exponentiate,input/circuit/exponentiate_2/input_18.json,prove,262145,1,2,844137928,386520,576,1,
gnark,circuit,groth16,bls12_381,exponentiate,input/circuit/exponentiate_2/input_18.json,verify,262145,1,2,834615736,1341,0,1,
gnark,circuit,groth16,bls12_381,exponentiate,input/circuit/exponentiate_2/input_18.json,verify,262145,1,2,853050824,1333,0,1,
gnark,circuit,groth16,bls12_381,exponentiate,input/circuit/exponentiate_2/input_18.json,verify,262145,1,2,857376200,1411,0,1,
gnark,circuit,groth16,bls12_381,exponentiate,input/circuit/exponentiate_2/input_18.json,verify,262145,1,2,839615944,1331,0,1,
gnark,circuit,groth16,bls12_381,exponentiate,input/circuit/exponentiate_2/input_18.json,verify,262145,1,2,843875784,1325,0,1,
gnark,circuit,groth16,bls12_381,exponentiate,input/circuit/exponentiate_2/input_18.json,verify,262145,1,2,864716232,1342,0,1,
gnark,circuit,groth16,bls12_381,exponentiate,input/circuit/exponentiate_2/input_18.json,verify,262145,1,2,854754760,1336,0,1,
gnark,circuit,groth16,bls12_381,exponentiate,input/circuit/exponentiate_2/input_18.json,verify,262145,1,2,857900488,1331,0,1,
gnark,circuit,groth16,bls12_381,exponentiate,input/circuit/exponentiate_2/input_18.json,verify,262145,1,2,834484664,1394,0,1,
gnark,circuit,groth16,bls12_381,exponentiate,input/circuit/exponentiate_2/input_18.json,verify,262145,1,2,861701576,1328,0,1,
gnark,circuit,groth16,bls12_381,exponentiate,input/circuit/exponentiate_2/input_19.json,compile,524289,1,2,175934760,366072,0,1,
gnark,circuit,groth16,bls12_381,exponentiate,input/circuit/exponentiate_2/input_19.json,compile,524289,1,2,171740456,362063,0,1,
gnark,circuit,groth16,bls12_381,exponentiate,input/circuit/exponentiate_2/input_19.json,compile,524289,1,2,146227480,360864,0,1,
gnark,circuit,groth16,bls12_381,exponentiate,input/circuit/exponentiate_2/input_19.json,compile,524289,1,2,183799080,367071,0,1,
gnark,circuit,groth16,bls12_381,exponentiate,input/circuit/exponentiate_2/input_19.json,compile,524289,1,2,185109800,378300,0,1,
gnark,circuit,groth16,bls12_381,exponentiate,input/circuit/exponentiate_2/input_19.json,compile,524289,1,2,163089704,359740,0,1,
gnark,circuit,groth16,bls12_381,exponentiate,input/circuit/exponentiate_2/input_19.json,compile,524289,1,2,155487528,361100,0,1,
gnark,circuit,groth16,bls12_381,exponentiate,input/circuit/exponentiate_2/input_19.json,compile,524289,1,2,180129064,371493,0,1,
gnark,circuit,groth16,bls12_381,exponentiate,input/circuit/exponentiate_2/input_19.json,compile,524289,1,2,145441048,361333,0,1,
gnark,circuit,groth16,bls12_381,exponentiate,input/circuit/exponentiate_2/input_19.json,compile,524289,1,2,164138280,367524,0,1,
gnark,circuit,groth16,bls12_381,exponentiate,input/circuit/exponentiate_2/input_19.json,setup,524289,1,2,1406133832,14790138,0,1,
gnark,circuit,groth16,bls12_381,exponentiate,input/circuit/exponentiate_2/input_19.json,setup,524289,1,2,1359210056,14824814,0,1,
gnark,circuit,groth16,bls12_381,exponentiate,input/circuit/exponentiate_2/input_19.json,setup,524289,1,2,1358292552,14874776,0,1,
gnark,circuit,groth16,bls12_381,exponentiate,input/circuit/exponentiate_2/input_19.json,setup,524289,1,2,1400825416,14819069,0,1,
gnark,circuit,groth16,bls12_381,exponentiate,input/circuit/exponentiate_2/input_19.json,setup,524289,1,2,1367598664,14778278,0,1,
gnark,circuit,groth16,bls12_381,exponentiate,input/circuit/exponentiate_2/input_19.json,setup,524289,1,2,1425991240,14831737,0,1,
gnark,circuit,groth16,bls12_381,exponentiate,input/circuit/exponentiate_2/input_19.json,setup,524289,1,2,1418126920,14819934,0,1,
gnark,circuit,groth16,bls12_381,exponentiate,input/circuit/exponentiate_2/input_19.json,setup,524289,1,2,1405478472,14898577,0,1,
gnark,circuit,groth16,bls12_381,exponentiate,input/circuit/exponentiate_2/input_19.json,setup,524289,1,2,1409672776,14816816,0,1,
gnark,circuit,groth16,bls12_381,exponentiate,input/circuit/exponentiate_2/input_19.json,setup,524289,1,2,1404954184,14781195,0,1,
gnark,circuit,groth16,bls12_381,exponentiate,input/circuit/exponentiate_2/input_19.json,witness,524289,1,2,180391208,1048,0,1,
gnark,circuit,groth16,bls12_381,exponentiate,input/circuit/exponentiate_2/input_19.json,witness,524289,1,2,163286312,1048,0,1,
gnark,circuit,groth16,bls12_381,exponentiate,input/circuit/exponentiate_2/input_19.json,witness,524289,1,2,188779816,1048,0,1,
gnark,circuit,groth16,bls12_381,exponentiate,input/circuit/exponentiate_2/input_19.json,witness,524289,1,2,184585512,1048,0,1,
gnark,circuit,groth16,bls12_381,exponentiate,input/circuit/exponentiate_2/input_19.json,witness,524289,1,2,180587816,1048,0,1,
gnark,circuit,groth16,bls12_381,exponentiate,input/circuit/exponentiate_2/input_19.json,witness,524289,1,2,184454440,1048,0,1,
gnark,circuit,groth16,bls12_381,exponentiate,input/circuit/exponentiate_2/input_19.json,witness,524289,1,2,188452136,1048,0,1,
gnark,circuit,groth16,bls12_381,exponentiate,input/circuit/exponentiate_2/input_19.json,witness,524289,1,2,187993384,1048,0,1,
gnark,circuit,groth16,bls12_381,exponentiate,input/circuit/exponentiate_2/input_19.json,witness,524289,1,2,180522280,1048,0,1,
gnark,circuit,groth16,bls12_381,exponentiate,input/circuit/exponentiate_2/input_19.json,witness,524289,1,2,196644136,1048,0,1,
gnark,circuit,groth16,bls12_381,exponentiate,input/circuit/exponentiate_2/input_19.json,prove,524289,1,2,1620167288,696816,576,1,
gnark,circuit,groth16,bls12_381,exponentiate,input/circuit/exponentiate_2/input_19.json,prove,524289,1,2,1624230520,705476,576,1,
gnark,circuit,groth16,bls12_381,exponentiate,input/circuit/exponentiate_2/input_19.json,prove,524289,1,2,1629997688,689513,576,1,
gnark,circuit,groth16,bls12_381,exponentiate,input/circuit/exponentiate_2/input_19.json,prove,524289,1,2,1628686968,703200,576,1,
gnark,circuit,groth16,bls12_381,exponentiate,input/circuit/exponentiate_2/input_19.json,prove,524289,1,2,1624230520,689046,576,1,
gnark,circuit,groth16,bls12_381,exponentiate,input/circuit/exponentiate_2/input_19.json,prove,524289,1,2,1624754808,707199,576,1,
gnark,circuit,groth16,bls12_381,exponentiate,input/circuit/exponentiate_2/input_19.json,prove,524289,1,2,1624492664,712220,576,1,
gnark,circuit,groth16,bls12_381,exponentiate,input/circuit/exponentiate_2/input_19.json,prove,524289,1,2,1633143416,718654,576,1,
gnark,circuit,groth16,bls12_381,exponentiate,input/circuit/exponentiate_2/input_19.json,prove,524289,1,2,1624951416,694503,576,1,
gnark,circuit,groth16,bls12_381,exponentiate,input/circuit/exponentiate_2/input_19.json,prove,524289,1,2,1620298360,682532,576,1,
gnark,circuit,groth16,bls12_381,exponentiate,input/circuit/exponentiate_2/input_19.json,verify,524289,1,2,1612434040,1335,0,1,
gnark,circuit,groth16,bls12_381,exponentiate,input/circuit/exponentiate_2/input_19.json,verify,524289,1,2,1628949112,1384,0,1,
gnark,circuit,groth16,bls12_381,exponentiate,input/circuit/exponentiate_2/input_19.json,verify,524289,1,2,1633143416,1351,0,1,
gnark,circuit,groth16,bls12_381,exponentiate,input/circuit/exponentiate_2/input_19.json,verify,524289,1,2,1624754808,1399,0,1,
gnark,circuit,groth16,bls12_381,exponentiate,input/circuit/exponentiate_2/input_19.json,verify,524289,1,2,1628949112,1325,0,1,
gnark,circuit,groth16,bls12_381,exponentiate,input/circuit/exponentiate_2/input_19.json,verify,524289,1,2,1629211256,1348,0,1,
gnark,circuit,groth16,bls12_381,exponentiate,input/circuit/exponentiate_2/input_19.json,verify,524289,1,2,1615841912,1436,0,1,
gnark,circuit,groth16,bls12_381,exponentiate,input/circuit/exponentiate_2/input_19.json,verify,524289,1,2,1620822648,1330,0,1,
gnark,circuit,groth16,bls12_381,exponentiate,input/circuit/exponentiate_2/input_19.json,verify,524289,1,2,1625016952,1332,0,1,
gnark,circuit,groth16,bls12_381,exponentiate,input/circuit/exponentiate_2/input_19.json,verify,524289,1,2,1628424824,1338,0,1,
gnark,circuit,groth16,bls12_381,exponentiate,input/circuit/exponentiate_2/input_20.json,compile,1048577,1,2,319006024,757005,0,1,
gnark,circuit,groth16,bls12_381,exponentiate,input/circuit/exponentiate_2/input_20.json,compile,1048577,1,2,331588936,732280,0,1,
gnark,circuit,groth16,bls12_381,exponentiate,input/circuit/exponentiate_2/input_20.json,compile,1048577,1,2,304915784,741066,0,1,
gnark,circuit,groth16,bls12_381,exponentiate,input/circuit/exponentiate_2/input_20.json,compile,1048577,1,2,297772360,709644,0,1,
gnark,circuit,groth16,bls12_381,exponentiate,input/circuit/exponentiate_2/input_20.json,compile,1048577,1,2,305177928,721069,0,1,
gnark,circuit,groth16,bls12_381,exponentiate,input/circuit/exponentiate_2/input_20.json,compile,1048577,1,2,314484040,723531,0,1,
gnark,circuit,groth16,bls12_381,exponentiate,input/circuit/exponentiate_2/input_20.json,compile,1048577,1,2,334603592,714918,0,1,
gnark,circuit,groth16,bls12_381,exponentiate,input/circuit/exponentiate_2/input_20.json,compile,1048577,1,2,301311304,706265,0,1,
gnark,circuit,groth16,bls12_381,exponentiate,input/circuit/exponentiate_2/input_20.json,compile,1048577,1,2,283400504,711232,0,1,
gnark,circuit,groth16,bls12_381,exponentiate,input/circuit/exponentiate_2/input_20.json,compile,1048577,1,2,318416200,706903,0,1,
gnark,circuit,groth16,bls12_381,exponentiate,input/circuit/exponentiate_2/input_20.json,setup,1048577,1,2,2786675640,29483049,0,1,
gnark,circuit,groth16,bls12_381,exponentiate,input/circuit/exponentiate_2/input_20.json,setup,1048577,1,2,2634180488,29586212,0,1,
gnark,circuit,groth16,bls12_381,exponentiate,input/circuit/exponentiate_2/input_20.json,setup,1048577,1,2,2793032632,29491358,0,1,
gnark,circuit,groth16,bls12_381,exponentiate,input/circuit/exponentiate_2/input_20.json,setup,1048577,1,2,2771340216,29579047,0,1,
gnark,circuit,groth16,bls12_381,exponentiate,input/circuit/exponentiate_2/input_20.json,setup,1048577,1,2,2771274680,29477241,0,1,
gnark,circuit,groth16,bls12_381,exponentiate,input/circuit/exponentiate_2/input_20.json,setup,1048577,1,2,2748448680,29506067,0,1,
gnark,circuit,groth16,bls12_381,exponentiate,input/circuit/exponentiate_2/input_20.json,setup,1048577,1,2,2762276776,29520599,0,1,
gnark,circuit,groth16,bls12_381,exponentiate,input/circuit/exponentiate_2/input_20.json,setup,1048577,1,2,2795457464,29609378,0,1,
gnark,circuit,groth16,bls12_381,exponentiate,input/circuit/exponentiate_2/input_20.json,setup,1048577,1,2,2783267768,29509998,0,1,
gnark,circuit,groth16,bls12_381,exponentiate,input/circuit/exponentiate_2/input_20.json,setup,1048577,1,2,2783923128,29575752,0,1,
gnark,circuit,groth16,bls12_381,exponentiate,input/circuit/exponentiate_2/input_20.json,witness,1048577,1,2,318154056,1048,0,1,
gnark,circuit,groth16,bls12_381,exponentiate,input/circuit/exponentiate_2/input_20.json,witness,1048577,1,2,327132488,1048,0,1,
gnark,circuit,groth16,bls12_381,exponentiate,input/circuit/exponentiate_2/input_20.json,witness,1048577,1,2,330802504,1048,0,1,
gnark,circuit,groth16,bls12_381,exponentiate,input/circuit/exponentiate_2/input_20.json,witness,1048577,1,2,330999112,1048,0,1,
gnark,circuit,groth16,bls12_381,exponentiate,input/circuit/exponentiate_2/input_20.json,witness,1048577,1,2,309765448,1048,0,1,
gnark,circuit,groth16,bls12_381,exponentiate,input/circuit/exponentiate_2/input_20.json,witness,1048577,1,2,314484040,1048,0,1,
gnark,circuit,groth16,bls12_381,exponentiate,input/circuit/exponentiate_2/input_20.json,witness,1048577,1,2,335848776,1048,0,1,
gnark,circuit,groth16,bls12_381,exponentiate,input/circuit/exponentiate_2/input_20.json,witness,1048577,1,2,322676040,1048,0,1,
gnark,circuit,groth16,bls12_381,exponentiate,input/circuit/exponentiate_2/input_20.json,witness,1048577,1,2,327132488,1048,0,1,
gnark,circuit,groth16,bls12_381,exponentiate,input/circuit/exponentiate_2/input_20.json,witness,1048577,1,2,338928968,1048,0,1,
gnark,circuit,groth16,bls12_381,exponentiate,input/circuit/exponentiate_2/input_20.json,prove,1048577,1,2,3213307880,1298607,576,1,
gnark,circuit,groth16,bls12_381,exponentiate,input/circuit/exponentiate_2/input_20.json,prove,1048577,1,2,3209244648,1310462,576,1,
gnark,circuit,groth16,bls12_381,exponentiate,input/circuit/exponentiate_2/input_20.json,prove,1048577,1,2,3213504488,1306093,576,1,
gnark,circuit,groth16,bls12_381,exponentiate,input/circuit/exponentiate_2/input_20.json,prove,1048577,1,2,3221106664,1322422,576,1,
gnark,circuit,groth16,bls12_381,exponentiate,input/circuit/exponentiate_2/input_20.json,prove,1048577,1,2,3200397288,1297693,576,1,
gnark,circuit,groth16,bls12_381,exponentiate,input/circuit/exponentiate_2/input_20.json,prove,1048577,1,2,3200528360,1315512,576,1,
gnark,circuit,groth16,bls12_381,exponentiate,input/circuit/exponentiate_2/input_20.json,prove,1048577,1,2,3203805160,1307543,576,1,
gnark,circuit,groth16,bls12_381,exponentiate,input/circuit/exponentiate_2/input_20.json,prove,1048577,1,2,3208785896,1316719,576,1,
gnark,circuit,groth16,bls12_381,exponentiate,input/circuit/exponentiate_2/input_20.json,prove,1048577,1,2,3191549928,1306221,576,1,
gnark,circuit,groth16,bls12_381,exponentiate,input/circuit/exponentiate_2/input_20.json,prove,1048577,1,2,3235085304,1262877,576,1,
gnark,circuit,groth16,bls12_381,exponentiate,input/circuit/exponentiate_2/input_20.json,verify,1048577,1,2,3201380328,1298,0,1,
gnark,circuit,groth16,bls12_381,exponentiate,input/circuit/exponentiate_2/input_20.json,verify,1048577,1,2,3204526056,1330,0,1,
gnark,circuit,groth16,bls12_381,exponentiate,input/circuit/exponentiate_2/input_20.json,verify,1048577,1,2,3200921576,1290,0,1,
gnark,circuit,groth16,bls12_381,exponentiate,input/circuit/exponentiate_2/input_20.json,verify,1048577,1,2,3209310184,1298,0,1,
gnark,circuit,groth16,bls12_381,exponentiate,input/circuit/exponentiate_2/input_20.json,verify,1048577,1,2,3212914664,1342,0,1,
gnark,circuit,groth16,bls12_381,exponentiate,input/circuit/exponentiate_2/input_20.json,verify,1048577,1,2,3230825464,1376,0,1,
gnark,circuit,groth16,bls12_381,exponentiate,input/circuit/exponentiate_2/input_20.json,verify,1048577,1,2,3200987112,1343,0,1,
gnark,circuit,groth16,bls12_381,exponentiate,input/circuit/exponentiate_2/input_20.json,verify,1048577,1,2,3203543016,1298,0,1,
gnark,circuit,groth16,bls12_381,exponentiate,input/circuit/exponentiate_2/input_20.json,verify,1048577,1,2,3196202984,1360,0,1,
gnark,circuit,groth16,bls12_381,exponentiate,input/circuit/exponentiate_2/input_20.json,verify,1048577,1,2,3204853736,1341,0,1,
